%%MatrixMarket matrix array real general
1857 1
0.0016271955
0.0026157713
0.0001865102
0.0005560441
0.0014048013
0.0005297237
0.0011641585
0.0028377285
0.0014897723
0.0015826648
0.0041972417
0.0025957756
0.0024576796
0.0035547932
0.0011460624
0.0029655128
0.0047773834
0.0016106203
0.0001892139
0.0005410875
0.0004109489
0.0015137661
0.0038683070
0.0021698313
0.0001353492
0.0013442489
0.0010781967
0.0001041316
0.0015526088
0.0012663091
0.0001264072
0.0016298287
0.0011976058
-0.0001637341
0.0029435137
0.0017630953
-0.0004455455
0.0036044266
0.0023950954
-0.0001215203
0.0024724761
0.0017482646
-0.0000380303
0.0019743452
0.0016558457
0.0000681015
0.0013568231
0.0009142730
0.0000760677
0.0009068891
0.0005795111
0.0001012370
0.0006577467
0.0004015547
0.0001135062
0.0005632752
0.0004081523
0.0000875765
0.0004125086
0.0002630738
0.0000766191
0.0003122262
0.0001832219
0.0000683388
0.0002757564
0.0001294154
0.0000719154
0.0002763065
0.0001293822
0.0002047895
0.0001156746
0.0001757837
0.0000654607
0.0002331287
0.0001066973
0.0000575987
0.0002262053
0.0001028578
0.0001607471
0.0010832297
0.0007951039
-0.0031498283
0.0203009973
0.0109695706
0.0003485485
0.0017759338
0.0011803790
0.0002135812
0.0008382823
0.0004456724
0.0000561485
0.0001970331
0.0000925236
0.0000618292
0.0002117621
0.0000862865
0.0001477676
0.0007098716
0.0004734017
0.0001855725
0.0007790000
0.0005492495
0.0003121787
0.0083440304
0.0059696994
0.0006024756
0.0014557560
0.0008037196
0.0002842816
0.0008453080
0.0004628756
0.0000543197
0.0002048426
0.0000834095
0.0004364547
0.0012166823
0.0007728930
0.0003794733
0.0013004261
0.0007569955
0.0006761653
0.0029831375
0.0019827197
0.0005543589
0.0044735434
0.0032115155
0.0005724893
0.0028840488
0.0022832480
0.0004929049
0.0018029197
0.0011081575
0.0004735518
0.0013851499
0.0007661021
0.0003587429
0.0010353751
0.0005623171
0.0002599269
0.0008996075
0.0005011964
0.0002980333
0.0008579124
0.0004611741
0.0002466659
0.0006489632
0.0003097456
0.0001072655
0.0003289144
0.0001595218
0.0000432694
0.0001962850
0.0000862940
0.0002190754
0.0004927302
0.0002779441
0.0006100052
0.0028476383
0.0019168997
0.0004875041
0.0011850155
0.0006434088
0.0002844801
0.0007564498
0.0004166318
0.0000590221
0.0001859271
0.0000914511
0.0000410616
0.0001769309
0.0000852846
0.0002148721
0.0004016337
0.0001403099
0.0002041672
0.0004071832
0.0001468676
0.0004027394
0.0012561548
0.0008246162
0.0005768937
0.0009648525
0.0003489067
0.0003382063
0.0008106832
0.0003942527
0.0000550459
0.0001983830
0.0001077224
0.0001425278
0.0003526021
0.0001334998
0.0003195156
0.0008603961
0.0004641354
0.0002730489
0.0008233189
0.0004934404
0.0004389070
0.0013453368
0.0008625921
0.0003137422
0.0010532112
0.0006492166
0.0003773013
0.0008612075
0.0004444724
0.0004154418
0.0008588482
0.0003650468
0.0003959117
0.0007647217
0.0002965184
0.0003159070
0.0005218405
0.0001657188
0.0002387689
0.0005058250
0.0002436120
0.0001991665
0.0004516080
0.0002518084
0.0001114974
0.0003953394
0.0002619642
0.0000369362
0.0002053878
0.0001292618
0.0001062896
0.0002786123
0.0001142271
0.0003374452
0.0008526851
0.0004668039
0.0004127954
0.0008658231
0.0003939093
0.0002593271
0.0006435454
0.0002798859
0.0000525796
0.0002016625
0.0001270120
0.0000501507
0.0002043514
0.0001325811
0.0000733534
0.0002641008
0.0001048004
0.0003016703
0.0007391048
0.0003874809
0.0004223620
0.0005932341
0.0002515983
0.0002061765
0.0005285432
0.0002563169
0.0000459229
0.0002155178
0.0001436270
0.0000818062
0.0002244331
0.0000976677
0.0000603730
0.0002027759
0.0000949422
0.0000815658
0.0002403145
0.0001090469
0.0000635060
0.0002237615
0.0001171131
0.0000545294
0.0002647127
0.0001271873
0.0000814283
0.0002497701
0.0001210988
0.0000877250
0.0002006206
0.0001043309
0.0000777509
0.0002053268
0.0000984553
0.0000843047
0.0002313328
0.0001092429
0.0000698820
0.0002040230
0.0001037064
0.0000409062
0.0001878329
0.0000943225
0.0000489717
0.0001687243
0.0000918506
0.0000401326
0.0001950423
0.0001043914
0.0000375113
0.0001732637
0.0000964692
0.0000453374
0.0001719402
0.0001141643
0.0000334037
0.0001966361
0.0001138164
0.0000291260
0.0002038331
0.0001212320
0.0003221469
-0.0011277445
0.0002879353
0.0002331406
-0.0004947949
0.0001312866
0.0003145326
-0.0009930041
0.0002389597
0.0002723745
-0.0011013591
0.0003727870
0.0006640863
-0.0019799700
0.0005876466
0.0007872089
-0.0024545371
0.0005750646
0.0000262792
-0.0001323799
0.0001018576
0.0002985136
-0.0012619564
0.0004932308
0.0000211798
-0.0002245672
0.0000168430
0.0000315644
-0.0002436221
-0.0000233369
0.0000287190
-0.0002487770
-0.0000212170
0.0001954534
-0.0003345010
-0.0005284152
0.0003774183
-0.0004195929
-0.0008099001
0.0001683721
-0.0003337245
-0.0003826665
0.0001007219
-0.0002388788
-0.0002397280
0.0000301532
-0.0002245905
-0.0000494933
0.0000168380
-0.0001475574
0.0000361827
0.0000053653
-0.0001054642
0.0000703768
0.0000130773
-0.0000914050
0.0000858512
0.0000065912
-0.0000699805
0.0000811640
0.0000165848
-0.0000724305
0.0000676328
0.0000199678
-0.0000705915
0.0000678620
0.0000208696
-0.0000631650
0.0000685668
0.0002066668
0.0000392940
-0.0000089747
0.0000259888
-0.0000643415
0.0000610643
0.0000264232
-0.0000688738
0.0000572070
0.0000128400
-0.0001768071
0.0000717051
0.0023692577
-0.0019711659
-0.0058730411
0.0000564498
-0.0002848591
0.0002208428
0.0000490819
-0.0001196781
0.0001784546
0.0000293898
-0.0000588015
0.0000580896
0.0000260492
-0.0000536854
0.0000623166
0.0000086007
-0.0001183565
0.0001195004
0.0000104828
-0.0001396800
0.0001229781
0.0002424675
-0.0014610554
-0.0007373526
0.0000934415
-0.0003389982
0.0002617834
0.0000618356
-0.0001392150
0.0001798305
0.0000192439
-0.0000640558
0.0000540818
0.0000438398
-0.0002784902
0.0001964782
0.0000295824
-0.0002193203
0.0002313201
0.0000649636
-0.0005541387
0.0002562484
0.0001070041
-0.0007391472
-0.0000206385
0.0000378745
-0.0004214442
0.0002169622
0.0000531410
-0.0003072595
0.0003643823
0.0000828718
-0.0003047324
0.0002505141
0.0000659165
-0.0002097125
0.0001795600
0.0000579161
-0.0001759093
0.0001440550
0.0000690798
-0.0001837020
0.0001546158
0.0000763455
-0.0001407966
0.0001341008
0.0000369033
-0.0000796603
0.0000800476
0.0000180313
-0.0000644031
0.0000508875
0.0000395280
-0.0001627316
0.0001202570
0.0000520769
-0.0004806174
0.0002186356
0.0001132486
-0.0003250954
0.0002112327
0.0000662303
-0.0002228337
0.0001225580
0.0000223487
-0.0000673219
0.0000511552
0.0000230847
-0.0000557449
0.0000546544
0.0000484879
-0.0001803863
0.0001141482
0.0000418297
-0.0001677479
0.0001121731
0.0000546705
-0.0002685055
0.0002056289
0.0001389607
-0.0004561037
0.0002190269
0.0000723313
-0.0002506478
0.0001292710
0.0000188855
-0.0000731245
0.0000448922
0.0000273918
-0.0001199108
0.0000892967
0.0000877377
-0.0002002791
0.0002024469
0.0000420054
-0.0001577735
0.0001498617
0.0000733816
-0.0003014175
0.0002185906
0.0000503148
-0.0002134477
0.0001576514
0.0000779105
-0.0002511666
0.0001635262
0.0000820290
-0.0002980818
0.0001418752
0.0001005499
-0.0003112170
0.0001482650
0.0000747565
-0.0002949309
0.0001141166
0.0000643675
-0.0002086262
0.0000995467
0.0000439467
-0.0001464374
0.0000874429
0.0000269586
-0.0001283686
0.0000579405
0.0000146463
-0.0000773614
0.0000407809
0.0000341265
-0.0000819152
0.0000830788
0.0000717940
-0.0002620500
0.0001298227
0.0000802836
-0.0003488008
0.0001379734
0.0000639039
-0.0001958420
0.0001258219
0.0000114775
-0.0000861006
0.0000372299
0.0000098783
-0.0000762755
0.0000395061
0.0000248633
-0.0000654389
0.0000772098
0.0000719722
-0.0002325818
0.0001225375
0.0000689965
-0.0003690922
0.0001318554
0.0000648171
-0.0001521534
0.0001044225
0.0000142070
-0.0000760971
0.0000439789
0.0000245220
-0.0000661886
0.0000650160
0.0000283790
-0.0000596174
0.0000626546
0.0000286872
-0.0000652272
0.0000630667
0.0000250193
-0.0000789201
0.0000544233
0.0000200424
-0.0000884434
0.0000560689
0.0000253466
-0.0000821825
0.0000573176
0.0000211391
-0.0000716726
0.0000588386
0.0000233652
-0.0000897904
0.0000532593
0.0000236297
-0.0001110853
0.0000591467
0.0000224514
-0.0000853958
0.0000548985
0.0000103294
-0.0000560530
0.0000527644
0.0000180247
-0.0000639875
0.0000489270
0.0000150620
-0.0000726100
0.0000489638
0.0000095489
-0.0000577921
0.0000491190
0.0000177736
-0.0000553070
0.0000495057
0.0000089693
-0.0000664961
0.0000467482
0.0000105738
-0.0000779611
0.0000411401
0.0090507271
-0.3476078028
0.8782232524
-0.3586704164
0.8709888577
0.0003776085
-0.0015646395
0.0203462517
0.0028283522
0.0171612481
0.0266275966
0.0011299599
0.0193168654
-0.0016975637
0.0184150865
0.0313190982
0.0005678801
0.0182761892
-0.0005678801
0.0198661706
0.0012862236
-0.0013561037
0.0225716801
0.0000000000
0.0227506963
-0.0005623560
0.0210659071
-0.0005662229
0.0182549559
0.0011401795
0.0222946452
0.0028181326
0.0182165632
0.0326266587
-0.0033896034
0.0197619028
-0.0090661947
0.0064296677
-0.0025904696
0.0215166412
0.0084922380
0.0150598017
-0.0039632838
0.0238192348
-0.0005698135
0.0384715977
0.0199169581
0.0235423380
0.0045239825
0.0211035402
-0.0016967351
0.0016936969
0.0498499842
0.0010535888
0.0004175548
0.0227836684
-0.0005587653
0.0211912357
0.0028244853
0.0522207316
-0.0000024859
0.0230700943
0.0016989448
0.0163614583
0.0310212098
0.0017019830
0.0397681790
-0.0000077338
0.0193623359
-0.0011291312
0.0220563828
0.0015457884
-0.0007526276
0.0225367745
-0.0045284018
0.0229321984
0.0175280500
0.0017052975
0.0169328945
0.0000000000
0.0155967122
0.0430410852
0.0005676039
0.0211405518
0.0028355336
0.0215021404
0.0019663815
0.0030322615
0.0218494007
-0.0050882719
0.0204847346
0.0050855099
0.0361036814
-0.0022574339
0.0184393581
0.0215283454
0.0022571577
0.0221184256
0.0000063527
0.0345848231
-0.0033970609
0.0191211733
0.0011299599
0.0220950517
0.0022626818
0.0023608041
0.0004187287
0.0202546548
0.0011305123
0.0215348363
-0.0016934207
0.0370385015
0.0011305123
0.0197228541
0.0005714708
0.0183416846
-0.0000088386
0.0201550133
0.0289041577
0.0000058003
0.0204530744
-0.0011824045
-0.0007212436
0.0217642947
0.0028280760
0.0528640160
0.0239370368
-0.0011360364
0.0171255484
0.0005609749
0.0308049402
0.0153621785
0.0429390961
-0.0016912110
0.0182155619
-0.0016981162
0.0208681089
0.0001151435
0.0283445984
0.0332721182
0.0248851493
0.0296360008
0.0256704728
0.0316407404
0.0363938706
0.0284900555
0.0269240695
0.0347958792
0.0324024828
0.0277478202
0.0282301799
0.0313809684
0.0302035356
0.0322509837
0.0310214169
0.0263750750
0.0265785700
0.0360843124
0.0331380891
0.0338084072
0.0329516499
0.0354148920
0.0343132433
0.0299690710
0.0336499339
0.0222768299
0.0256947099
0.0248716497
0.0347644607
0.0297176888
0.0287647771
0.0263127560
0.0197757131
0.0335128665
0.0280128746
0.0285051432
0.0299268805
0.0277025914
0.0298451580
0.0271086098
0.0310124402
0.0233365989
0.0264644623
0.0284419265
0.0292763112
0.0350751583
0.0353682822
0.0209591534
0.0209550793
0.0393964054
0.0424624331
0.0421372002
0.0449123137
0.0421555679
0.0440739586
0.0544988810
0.0549644957
0.0541727504
0.0505305564
0.0502653984
0.0515739256
0.0129070500
0.0124944669
0.0832772267
0.0834038673
-0.0452536356
0.0843953788
0.2326684296
0.0860570357
0.2387018794
0.0022974838
0.0072389521
-0.0151233292
-0.0056561520
-0.0462653792
-0.0095763477
-0.0045181822
-0.0140233377
-0.0011313409
-0.0196445496
-0.0195498109
0.0033896034
-0.0142893243
-0.0079182814
-0.0149709323
0.0006148697
0.0026654941
-0.0118181759
-0.0033901558
-0.0108462060
0.0033973371
-0.0261095717
-0.0022516335
-0.0156633124
0.0056522851
-0.0152327068
-0.0033851841
-0.0112185320
-0.0204011477
-0.0011341030
-0.0132101864
0.0045187346
0.0016923849
0.0005070457
-0.0132485791
-0.0011374174
-0.0140417054
-0.0022610245
-0.0116240028
-0.0079326441
-0.0226870308
-0.0263699652
-0.0147632943
0.0022693107
-0.0139226605
-0.0011341030
0.0011346554
-0.0266874643
0.0007129574
0.0039252364
-0.0110864364
0.0056633334
-0.0141240839
-0.0033835268
-0.0055757760
0.0045369642
-0.0143989782
-0.0011136637
-0.0192961154
-0.0154948266
0.0045181822
-0.0213326533
-0.0090407837
-0.0120829886
0.0022571577
-0.0128618213
-0.0014730771
0.0046752055
-0.0129609793
-0.0033873937
-0.0164888930
-0.0436465294
0.0011296837
-0.0182505366
-0.0022654438
-0.0166957715
-0.0202888698
0.0011390747
-0.0147480339
0.0033929178
-0.0159607866
-0.0022485607
0.0089884426
-0.0159122433
-0.0000022097
-0.0155685046
0.0000055241
-0.0259019337
0.0045297829
-0.0165748622
-0.0269261065
-0.0045286780
-0.0117551318
0.0022659963
-0.0202066984
-0.0000049717
-0.0150038009
-0.0011346554
-0.0130738786
0.0226422853
-0.0009498734
0.0060582393
-0.0135575158
-0.0056462086
-0.0123863322
0.0090424409
-0.0274497936
-0.0067897026
-0.0136410682
0.0056600189
-0.0132785475
-0.0022748349
-0.0141077877
-0.0093265191
0.0000038669
-0.0160124371
-0.0080895293
-0.0028175802
-0.0091221264
0.0034072806
-0.0082835642
-0.0098578018
-0.0067725778
-0.0143892419
0.0011440464
-0.0175989660
-0.0161191218
-0.0192761595
-0.0033940227
-0.0154673441
-0.0011335505
-0.0121974071
0.0000875574
-0.0394303097
-0.0378637368
-0.0404082525
-0.0390107869
-0.0398296694
-0.0385475545
-0.0379155945
-0.0394633509
-0.0398471395
-0.0377041241
-0.0388544887
-0.0393583925
-0.0394826853
-0.0376745700
-0.0392618929
-0.0379156636
-0.0392597523
-0.0395225281
-0.0394243367
-0.0378979173
-0.0386432599
-0.0383893573
-0.0385558406
-0.0376919365
-0.0385461734
-0.0388408855
-0.0384698024
-0.0408714159
-0.0395447972
-0.0397655551
-0.0381822026
-0.0387103090
-0.0393622939
-0.0388068776
-0.0407786797
-0.0385813207
-0.0396681233
-0.0394222652
-0.0390493867
-0.0397239170
-0.0391248256
-0.0395538430
-0.0383777567
-0.0401502413
-0.0392383463
-0.0390377515
-0.0391667053
-0.0583428437
-0.0584251531
-0.0434615057
-0.0434699991
-0.0597557078
-0.0586978378
-0.0588647354
-0.0747200112
-0.0757102107
-0.0750625760
-0.0600395097
-0.0600303949
-0.0602518433
-0.0760613379
-0.0761859069
-0.0757716666
-0.0590942628
-0.0593719192
-0.0708237074
-0.0707276567
0.0045253636
-0.6343728880
286.7061052475
-0.6308263995
288.8352888016
0.0363443261
0.0363443261
10.2518752745
0.0011313409
15.4167823022
10.6228667003
0.0011313409
10.0783205112
-0.0022626818
9.9203216851
14.7221743504
-0.0011313409
9.9673607180
-0.0056567044
9.7505851972
0.0640268235
0.0564256269
10.5057729182
-0.0011313409
10.2941237858
0.0135760907
13.6661029844
-0.0022626818
9.9108467051
-0.0022626818
10.5233970880
0.0147074316
9.7848082591
14.0966842561
-0.0067880453
9.9882021384
0.0316775449
0.0154498740
0.0186671247
10.6860096637
0.0022626818
10.3623401060
0.0011313409
10.7412155636
-0.0011313409
18.2415283771
13.9417966175
10.5128261216
0.0000000000
10.4551277362
0.0022626818
0.0045253636
22.0517607528
0.0216368945
0.0370514141
11.0396774321
0.0000000000
10.7054899396
0.0045253636
17.0809140420
0.0090507271
10.7880778246
0.0045253636
10.1610498137
15.0916278597
-0.0022626818
18.8793218036
0.0011313409
10.3496832298
-0.0045253636
10.4711786351
0.0365210981
0.0411525249
10.4242103109
0.0113134089
10.1551633056
15.4087568528
-0.0113134089
9.9770831787
0.0033940227
9.9946543169
18.5709253480
-0.0011313409
10.4632415716
0.0022626818
10.2725399229
0.0432737890
0.0375110214
10.6621454418
-0.0045253636
10.5133387604
0.0113134089
18.2145883222
-0.0011313409
10.0696233281
13.7936970241
-0.0079193862
10.4240688933
-0.0045253636
14.3354678926
0.0045253636
10.0114830127
-0.0056567044
10.2066923477
0.0181014542
0.0181721630
0.0234046147
10.7318112925
-0.0045253636
10.6240157184
-0.0056567044
18.4427656378
-0.0045253636
10.4401551466
0.0022626818
10.3354707599
-0.0022626818
10.3391829722
11.5802462509
-0.0033940227
10.4146822994
0.0395615767
0.0377938566
10.7380513446
0.0113134089
17.0541154047
11.0599885365
0.0124447498
10.3839239690
0.0067880453
15.0770618457
10.1421175310
18.8007289662
-0.0022626818
10.1116066814
0.0000000000
10.4048891298
-0.0000406023
0.0187058626
0.0142736841
0.0211445050
0.0183614161
0.0205051911
0.0158917868
0.0113544773
0.0180766475
0.0200792292
0.0127497678
0.0142542979
0.0200026683
0.0196151854
0.0170596214
0.0166725356
0.0160405239
0.0165191893
0.0212989561
0.0210352655
0.0124201847
0.0140993807
0.0149523575
0.0129802447
0.0135897974
0.0137411067
0.0168730268
0.0135114239
0.0236385096
0.0232410660
0.0228653737
0.0131812365
0.0193610584
0.0194248275
0.0240838059
0.0267659587
0.0147663498
0.0209469140
0.0200432361
0.0182277841
0.0201832209
0.0197897651
0.0213461356
0.0169409563
0.0258528035
0.0211690874
0.0196948364
0.0179825302
0.0332921087
0.0335590966
0.0297581012
0.0297187073
0.0287988886
0.0295385690
0.0294655125
0.0393810759
0.0388054966
0.0390988622
0.0110867816
0.0114712263
0.0111982654
0.0306963221
0.0305545593
0.0310270446
0.0615994537
0.0613578768
-0.0016398021
-0.0014819157
0.0769311805
0.1978587056
0.1423354446
0.1794136508
0.1486174801
-0.0007807316
-0.0001050102
-0.0146101379
0.0002739966
-0.0240346412
-0.0140554812
0.0011285788
-0.0135637995
-0.0005662229
-0.0137117425
-0.0198790487
0.0002832495
-0.0138573722
0.0002757920
-0.0133354114
0.0010589403
0.0000214750
-0.0131173811
-0.0008577586
-0.0125604457
-0.0002814542
-0.0168358771
-0.0005634608
-0.0121939200
0.0014148666
-0.0143200523
0.0011280264
-0.0124682618
-0.0256803127
-0.0014205289
-0.0131600895
-0.0022676535
0.0022964825
-0.0011003367
-0.0129913620
0.0031085635
-0.0143746030
-0.0022626818
-0.0133147305
-0.0005745090
-0.0234494291
-0.0195094502
-0.0136409646
0.0017012925
-0.0137215823
-0.0016974256
0.0014174906
-0.0286952767
0.0001673810
-0.0000968621
-0.0122998796
-0.0016941112
-0.0120816421
0.0022606102
-0.0089127621
0.0002948502
-0.0128892693
0.0014072710
-0.0118519421
-0.0165963717
-0.0008475389
-0.0239772593
0.0002730299
-0.0125039270
-0.0011292693
-0.0122986021
0.0009490965
0.0002806256
-0.0133846797
-0.0017017068
-0.0116883589
-0.0244768474
0.0005713327
-0.0133334435
0.0014112759
-0.0146784990
-0.0256271775
-0.0002791064
-0.0136949629
0.0000001381
-0.0139328111
0.0007690273
-0.0000651329
-0.0128773233
-0.0028308381
-0.0135499892
0.0033938846
-0.0238128475
-0.0019734938
-0.0137350474
-0.0179218511
0.0019748748
-0.0127800642
0.0011342411
-0.0255360294
-0.0002890499
-0.0127116341
-0.0014133475
-0.0126785929
0.0034210909
0.0009771833
-0.0002842508
-0.0126062269
-0.0000100815
-0.0128974173
-0.0011208451
-0.0225304218
0.0002773111
-0.0129288013
0.0005717470
-0.0128372734
0.0000009667
-0.0124116741
-0.0136639243
0.0005648418
-0.0134568731
0.0001237059
-0.0016829421
-0.0116200669
0.0014165239
-0.0085427147
-0.0126376453
-0.0008529250
-0.0123191450
0.0000091148
-0.0171441233
-0.0133591997
-0.0237272926
-0.0019841278
-0.0113927837
0.0002836638
-0.0114833448
0.0000142246
0.0261963005
0.0253377133
0.0275269933
0.0248590478
0.0266425808
0.0259654611
0.0250916826
0.0264087031
0.0274620157
0.0248995811
0.0262095584
0.0256237939
0.0257379362
0.0253503497
0.0258984120
0.0258323987
0.0261540409
0.0258638172
0.0252331692
0.0244943865
0.0257893796
0.0248792799
0.0262189494
0.0246224772
0.0244943865
0.0262362814
0.0256487216
0.0272782695
0.0251495478
0.0268277771
0.0251333207
0.0249651801
0.0258016017
0.0249455694
0.0272351123
0.0258964095
0.0258315701
0.0256652249
0.0255376866
0.0263939951
0.0252787433
0.0252467033
0.0257449104
0.0260185618
0.0256070144
0.0246951885
0.0262973229
0.0399507514
0.0409355648
0.0272215091
0.0271977554
0.0353443213
0.0330141071
0.0332632451
0.0472917617
0.0495119077
0.0478108914
0.0358047571
0.0369927203
0.0369111013
0.0477236102
0.0474806868
0.0472992192
0.0353501216
0.0357598736
0.0470469048
0.0467193242
0.0316775449
0.0021897633
-0.1510892500
0.0325790822
-0.1521366242
0.0040745949
0.0032981100
0.0412679791
-0.0045231539
0.0896283828
0.0394197448
-0.0011313409
0.0424280454
-0.0011357602
0.0422582476
0.0579123071
0.0016959065
0.0416133750
-0.0022726252
0.0410026139
0.0023639114
0.0016085563
0.0419129207
-0.0033984420
0.0430363897
-0.0016826486
0.0632109101
-0.0005689849
0.0407393203
-0.0033896034
0.0439192831
0.0056710672
0.0424837700
0.0571526018
-0.0028371908
0.0432287674
0.0000707088
0.0012682701
0.0041467538
0.0396337356
-0.0050888244
0.0411467936
0.0028261426
0.0408450382
0.0005700897
0.0717525891
0.0623512181
0.0423772925
0.0039574835
0.0385276676
-0.0011280264
0.0022671011
0.0816907670
0.0003724642
-0.0002719251
0.0416186229
-0.0022648914
0.0411463793
0.0017003258
0.0529484661
0.0073625544
0.0391137773
-0.0050877195
0.0429013249
0.0573698380
-0.0005634608
0.0708618239
-0.0016970113
0.0406117130
0.0016903824
0.0414761005
0.0006271263
0.0021129780
0.0406426481
-0.0028173040
0.0405950025
0.0874354431
-0.0005789283
0.0428299255
-0.0011202926
0.0436495677
0.0695626877
0.0016903824
0.0426334738
-0.0033884985
0.0439216308
0.0016568233
0.0042495716
0.0395687581
0.0011247119
0.0416636446
0.0011468084
0.0723197787
-0.0000022097
0.0418730089
0.0636188668
0.0005524125
0.0399503371
-0.0028371908
0.0598058392
-0.0028173040
0.0425151194
0.0016903824
0.0400655841
0.0068057225
-0.0032092407
0.0057591770
0.0397706649
-0.0045353070
0.0419510372
0.0039541690
0.0724473860
-0.0005711946
0.0409368768
-0.0022626818
0.0422744747
0.0050954533
0.0394641450
0.0433889670
-0.0028327715
0.0421215255
-0.0026761626
0.0041049086
0.0389700810
-0.0005546222
0.0543408219
0.0403428952
-0.0028173040
0.0413146579
0.0045319925
0.0559196170
0.0420111811
0.0706676509
-0.0045375166
0.0409167138
0.0016970113
0.0400149693
0.0002856663
0.0151056520
0.0190219462
0.0132500637
0.0153754710
0.0138727017
0.0177586822
0.0201691344
0.0152431682
0.0145950501
0.0200659368
0.0176223399
0.0139240415
0.0145725393
0.0182411110
0.0161050353
0.0183834954
0.0161933868
0.0136370977
0.0140410494
0.0191163742
0.0181957096
0.0176113953
0.0195033046
0.0189214416
0.0187916247
0.0171073188
0.0184987079
0.0119731966
0.0128078229
0.0138633107
0.0193073708
0.0154034368
0.0149059893
0.0140185386
0.0117417358
0.0181349097
0.0137754080
0.0147560093
0.0158342151
0.0144048821
0.0149972410
0.0136252209
0.0173925708
0.0116079829
0.0142958497
0.0145059736
0.0162732794
0.0173382963
0.0176465425
0.0111272459
0.0110858149
0.0181555907
0.0182050316
0.0182083461
0.0219636465
0.0219205584
0.0219346449
0.0282733026
0.0286856786
0.0284393026
0.0272604542
0.0271488669
0.0273137620
0.0222028412
0.0223646980
0.0494160641
0.0492735417
0.0362029085
1.1999284310
108.3652838201
1.1809784711
107.0089519304
-0.0377054706
-0.0317659309
2.3491321326
0.0011313409
6.5642519677
2.1245963204
-0.0005656704
2.4055665981
-0.0016970113
2.5736591062
3.2334252940
0.0016970113
2.5470549181
-0.0033940227
2.5007671662
-0.0644864307
-0.0667491125
2.2014302763
-0.0056567044
2.2320913821
0.0033940227
4.2838753100
-0.0084850567
2.4360862863
0.0016970113
2.2213966753
-0.0045253636
2.4708838572
2.5023846301
0.0000000000
2.3845130512
0.0181014542
-0.0441399719
-0.0286193891
2.1299348352
0.0056567044
2.3274775609
-0.0028283522
2.0322329431
0.0090507271
4.0353515355
4.1081992825
2.1413808231
-0.0039596931
2.1316937168
0.0022626818
-0.0016970113
3.9432709934
-0.0511754981
-0.0393848047
1.8684890265
-0.0045253636
2.0150860577
-0.0056567044
1.5856803199
-0.0039596931
1.9411953559
-0.0090507271
2.4038430709
2.8250819417
0.0050910340
3.3254704817
-0.0067880453
2.1455261269
0.0022626818
2.1546564014
-0.0464380081
-0.0435212698
2.1798287362
-0.0011313409
2.3617271386
6.5196877430
-0.0022626818
2.4504136580
0.0045253636
2.4794307841
3.6421928992
-0.0079193862
2.2174988524
0.0039596931
2.2277251134
-0.0463142677
-0.0446349335
2.1163145516
-0.0011313409
2.1534013201
-0.0022626818
4.0972570948
-0.0056567044
2.4359713845
4.1852895578
-0.0039596931
2.1077411089
-0.0022626818
2.3501662489
0.0056567044
2.3414337114
0.0000000000
2.2540553049
-0.0045253636
-0.0273112762
-0.0275234026
2.1736240385
-0.0096163976
2.2137601243
0.0045253636
3.9542838899
-0.0005656704
2.2830459152
0.0005656704
2.2200708852
0.0067880453
2.2829398520
1.8147680115
-0.0045253636
2.1740571299
-0.0420010305
-0.0469860013
2.0762756904
-0.0056567044
1.5860161868
1.8348493123
-0.0073537158
2.2518191389
-0.0050910340
2.8340973144
2.2995917757
3.3907523865
-0.0022626818
2.4559642993
0.0005656704
2.1472938470
0.0001082729
-0.0131322272
-0.0124331491
-0.0138975948
-0.0136376847
-0.0131628861
-0.0123215618
-0.0127844835
-0.0133675549
-0.0134114717
-0.0126339511
-0.0132805500
-0.0139033951
-0.0135584135
-0.0127179178
-0.0139544933
-0.0125552323
-0.0135788527
-0.0132877313
-0.0132465766
-0.0131720009
-0.0129982672
-0.0136351988
-0.0122842739
-0.0133147995
-0.0133098278
-0.0128093421
-0.0130162206
-0.0141177312
-0.0138536780
-0.0130355550
-0.0125999777
-0.0136365798
-0.0131954784
-0.0133689360
-0.0129112622
-0.0131244934
-0.0141682769
-0.0134620175
-0.0130496415
-0.0137365665
-0.0142254516
-0.0141163501
-0.0130073820
-0.0137953985
-0.0128844702
-0.0139326730
-0.0130140109
-0.0224064052
-0.0216092739
-0.0141343036
-0.0141127595
-0.0210422224
-0.0225892537
-0.0223058661
-0.0280109066
-0.0264531033
-0.0274678851
-0.0193493542
-0.0184472645
-0.0184003094
-0.0231278560
-0.0231737062
-0.0233819657
-0.0080635659
-0.0077343280
-0.0165538705
-0.0167665493
48.4968751327
-8.9789605981
-61.4647688682
