1,0,150,149,1,1488.89947351,0.020000
1,0,150,149,2,924.51708324,0.020000
1,0,150,149,3,1192.66040620,0.020000
1,0,1,2,2,21.82433288,0.020000
1,0,1,3,3,123.24751855,0.020000
1,0,1,7,1,1435.27873830,0.020000
1,0,1,7,2,903.21050379,0.020000
1,0,1,7,3,1061.23326243,0.020000
1,0,1,149,1,-1477.13474889,0.020000
1,0,1,149,2,-925.03483667,0.020000
1,0,1,149,3,-1184.48078086,0.020000
1,0,2,1,2,-21.81989415,0.020000
1,0,3,1,3,-123.04949369,0.020000
1,0,3,4,3,62.65908787,0.020000
1,0,3,5,3,60.39040595,0.020000
1,0,4,3,3,-62.61662500,0.020000
1,0,5,3,3,-60.33040685,0.020000
1,0,5,6,3,43.28700809,0.020000
1,0,6,5,3,-43.26354794,0.020000
1,0,7,1,1,-1426.27639582,0.020000
1,0,7,1,2,-903.76787093,0.020000
1,0,7,1,3,-1056.54254471,0.020000
1,0,7,8,1,1393.60700522,0.020000
1,0,7,8,2,903.76787093,0.020000
1,0,7,8,3,1056.54254483,0.020000
1,0,8,7,1,-1387.91388023,0.020000
1,0,8,7,2,-904.02792162,0.020000
1,0,8,7,3,-1053.46540897,0.020000
1,0,8,12,2,17.17396565,0.020000
1,0,8,9,1,110.19671338,0.020000
1,0,8,13,1,1277.71716707,0.020000
1,0,8,13,2,886.85395597,0.020000
1,0,8,13,3,1053.46540909,0.020000
1,0,9,8,1,-110.05128966,0.020000
1,0,9,9000,1,60.67116149,0.020000
1,0,9000,14,1,60.67116178,0.020000
1,0,9000,9,1,-60.67116149,0.020000
1,0,10,14,1,-21.77980912,0.020000
1,0,11,14,1,-38.78027223,0.020000
1,0,12,8,2,-17.17040883,0.020000
1,0,13,8,1,-1270.74011595,0.020000
1,0,13,8,2,-886.77569788,0.020000
1,0,13,8,3,-1049.00972017,0.020000
1,0,13,34,3,74.33293185,0.020000
1,0,13,18,1,507.04465504,0.020000
1,0,13,18,2,298.15119658,0.020000
1,0,13,18,3,334.28207467,0.020000
1,0,13,52,1,763.69546114,0.020000
1,0,13,52,2,588.62450130,0.020000
1,0,13,52,3,640.39471378,0.020000
1,0,14,9000,1,-60.58739218,0.020000
1,0,14,11,1,38.80180662,0.020000
1,0,14,10,1,21.78558586,0.020000
1,0,15,16,3,21.66737637,0.020000
1,0,15,17,3,16.57943723,0.020000
1,0,15,34,3,-38.24681347,0.020000
1,0,16,15,3,-21.65846924,0.020000
1,0,17,15,3,-16.57350258,0.020000
1,0,18,13,1,-504.36411765,0.020000
1,0,18,13,2,-298.14700693,0.020000
1,0,18,13,3,-331.81091417,0.020000
1,0,18,19,1,92.10320847,0.020000
1,0,18,21,1,111.10100174,0.020000
1,0,18,21,2,43.41224564,0.020000
1,0,18,21,3,129.42064972,0.020000
1,0,18,35,1,301.15990768,0.020000
1,0,18,35,2,254.73476128,0.020000
1,0,18,35,3,202.39026457,0.020000
1,0,19,18,1,-91.98180920,0.020000
1,0,19,20,1,45.94875299,0.020000
1,0,20,19,1,-45.90934548,0.020000
1,0,21,18,1,-111.10522376,0.020000
1,0,21,18,2,-43.41288444,0.020000
1,0,21,18,3,-129.28915031,0.020000
1,0,21,22,2,43.41286276,0.020000
1,0,21,23,1,111.10522400,0.020000
1,0,21,23,2,0.00002168,0.020000
1,0,21,23,3,129.28915044,0.020000
1,0,22,21,2,-43.36622757,0.020000
1,0,23,21,1,-111.12263802,0.020000
1,0,23,21,2,-0.00001834,0.020000
1,0,23,21,3,-129.15807496,0.020000
1,0,23,24,3,46.39206827,0.020000
1,0,23,25,1,111.12263826,0.020000
1,0,23,25,2,0.00001834,0.020000
1,0,23,25,3,82.76600681,0.020000
1,0,24,23,3,-46.32947160,0.020000
1,0,25,23,1,-111.11292993,0.020000
1,0,25,23,2,-0.00001458,0.020000
1,0,25,23,3,-82.69199293,0.020000
1,0,25,28,1,71.11861399,0.020000
1,0,25,28,2,0.00001458,0.020000
1,0,25,28,3,42.06936523,0.020000
1,0,25,2500,1,39.99431618,0.020000
1,0,25,2500,3,40.62262782,0.020000
1,0,2500,26,1,39.99431646,0.020000
1,0,2500,26,3,40.62262782,0.020000
1,0,2500,25,1,-39.99431618,0.020000
1,0,2500,25,3,-40.62262782,0.020000
1,0,26,2500,1,-39.99306729,0.020000
1,0,26,2500,3,-40.60622172,0.020000
1,0,26,27,1,39.99306758,0.020000
1,0,26,27,3,-0.00000808,0.020000
1,0,26,31,3,40.60622979,0.020000
1,0,27,26,1,-39.98460700,0.020000
1,0,27,26,3,-0.00000000,0.020000
1,0,27,33,1,39.98460728,0.020000
1,0,28,25,1,-71.11310279,0.020000
1,0,28,25,2,-0.00001182,0.020000
1,0,28,25,3,-42.05278878,0.020000
1,0,28,29,1,36.99619832,0.020000
1,0,28,29,2,0.00001181,0.020000
1,0,28,29,3,42.05278891,0.020000
1,0,29,28,1,-36.99897978,0.020000
1,0,29,28,2,-0.00000767,0.020000
1,0,29,28,3,-42.03438466,0.020000
1,0,29,30,1,0.00000866,0.020000
1,0,29,30,2,0.00000766,0.020000
1,0,29,30,3,42.03438478,0.020000
1,0,30,29,1,-0.00000283,0.020000
1,0,30,29,2,-0.00000280,0.020000
1,0,30,29,3,-42.02222985,0.020000
1,0,30,250,1,0.00000308,0.020000
1,0,30,250,2,0.00000280,0.020000
1,0,30,250,3,-0.00000624,0.020000
1,0,31,26,3,-40.58641520,0.020000
1,0,31,32,3,15.60404604,0.020000
1,0,32,31,3,-15.59990703,0.020000
1,0,33,27,1,-39.93996692,0.020000
1,0,34,13,3,-74.29118585,0.020000
1,0,34,15,3,38.25483525,0.020000
1,0,35,36,1,64.31542791,0.020000
1,0,35,36,2,62.47407129,0.020000
1,0,35,40,1,208.61374971,0.020000
1,0,35,40,2,192.01720082,0.020000
1,0,35,40,3,202.25548012,0.020000
1,0,35,18,1,-300.51102851,0.020000
1,0,35,18,2,-254.49127205,0.020000
1,0,35,18,3,-202.25548001,0.020000
1,0,36,35,1,-64.23762899,0.020000
1,0,36,35,2,-62.47287143,0.020000
1,0,36,37,1,64.23762911,0.020000
1,0,36,38,2,62.47287149,0.020000
1,0,37,36,1,-64.17029570,0.020000
1,0,38,36,2,-62.42543162,0.020000
1,0,38,39,2,37.84049349,0.020000
1,0,39,38,2,-37.81687258,0.020000
1,0,40,35,1,-208.41401411,0.020000
1,0,40,35,2,-191.91520915,0.020000
1,0,40,35,3,-202.12607411,0.020000
1,0,40,41,3,17.74252925,0.020000
1,0,40,42,1,208.41401422,0.020000
1,0,40,42,2,191.91520921,0.020000
1,0,40,42,3,184.38354498,0.020000
1,0,41,40,3,-17.73712840,0.020000
1,0,42,40,1,-208.19839048,0.020000
1,0,42,40,2,-191.82603284,0.020000
1,0,42,40,3,-184.27897658,0.020000
1,0,42,43,2,33.76987061,0.020000
1,0,42,44,1,184.95023214,0.020000
1,0,42,44,2,158.05616230,0.020000
1,0,42,44,3,184.27897670,0.020000
1,0,43,42,2,-33.73418700,0.020000
1,0,44,42,1,-184.83021174,0.020000
1,0,44,42,2,-158.00553668,0.020000
1,0,44,42,3,-184.18024899,0.020000
1,0,44,45,1,39.87181360,0.020000
1,0,44,47,1,144.95839826,0.020000
1,0,44,47,2,158.00553675,0.020000
1,0,44,47,3,184.18024911,0.020000
1,0,45,44,1,-39.85362573,0.020000
1,0,45,46,1,20.58531829,0.020000
1,0,46,45,1,-20.57847165,0.020000
1,0,47,44,1,-144.86564460,0.020000
1,0,47,44,2,-157.90710308,0.020000
1,0,47,44,3,-184.07914746,0.020000
1,0,47,48,1,44.92455384,0.020000
1,0,47,48,2,47.06963578,0.020000
1,0,47,48,3,58.11724065,0.020000
1,0,47,49,1,42.20837768,0.020000
1,0,47,49,2,47.54605723,0.020000
1,0,47,49,3,68.37355254,0.020000
1,0,48,47,1,-44.92096283,0.020000
1,0,48,47,2,-47.06328591,0.020000
1,0,48,47,3,-58.11147586,0.020000
1,0,49,47,1,-42.20115504,0.020000
1,0,49,47,2,-47.52562133,0.020000
1,0,49,47,3,-68.36551477,0.020000
1,0,49,50,1,17.73126242,0.020000
1,0,49,50,2,-0.00002007,0.020000
1,0,49,50,3,37.70221355,0.020000
1,0,50,49,1,-17.73249597,0.020000
1,0,50,49,2,0.00001508,0.020000
1,0,50,49,3,-37.69395998,0.020000
1,0,50,51,1,17.73249608,0.020000
1,0,50,51,2,-0.00001501,0.020000
1,0,50,51,3,0.00002568,0.020000
1,0,51,50,1,-17.73079606,0.020000
1,0,51,50,2,0.00001006,0.020000
1,0,51,50,3,-0.00001705,0.020000
1,0,51,151,1,-0.00000747,0.020000
1,0,51,151,2,-0.00000999,0.020000
1,0,51,151,3,0.00001717,0.020000
1,0,52,53,1,709.32329769,0.020000
1,0,52,53,2,588.41696100,0.020000
1,0,52,53,3,638.58176375,0.020000
1,0,52,13,1,-760.28163550,0.020000
1,0,52,13,2,-588.41696088,0.020000
1,0,52,13,3,-638.58176364,0.020000
1,0,53,52,1,-707.88197540,0.020000
1,0,53,52,2,-588.20258511,0.020000
1,0,53,52,3,-637.70569635,0.020000
1,0,53,54,1,672.00369919,0.020000
1,0,53,54,2,588.20258523,0.020000
1,0,53,54,3,637.70569646,0.020000
1,0,54,53,1,-671.21591724,0.020000
1,0,54,53,2,-588.01903648,0.020000
1,0,54,53,3,-637.16969330,0.020000
1,0,54,55,1,21.51123661,0.020000
1,0,54,55,2,11.44190100,0.020000
1,0,54,55,3,0.00000801,0.020000
1,0,54,57,1,649.70468085,0.020000
1,0,54,57,2,576.57713560,0.020000
1,0,54,57,3,637.16968541,0.020000
1,0,55,54,1,-21.50814611,0.020000
1,0,55,54,2,-11.44244544,0.020000
1,0,55,54,3,-0.00000389,0.020000
1,0,55,56,1,-0.00000975,0.020000
1,0,55,56,2,11.44244557,0.020000
1,0,55,56,3,0.00000401,0.020000
1,0,56,55,1,0.00000021,0.020000
1,0,56,55,2,-11.44152374,0.020000
1,0,56,55,3,0.00000012,0.020000
1,0,57,54,1,-648.28158625,0.020000
1,0,57,54,2,-575.36342638,0.020000
1,0,57,54,3,-635.73848045,0.020000
1,0,57,58,2,43.29737517,0.020000
1,0,57,60,1,648.28158647,0.020000
1,0,57,60,2,532.06605135,0.020000
1,0,57,60,3,635.73848057,0.020000
1,0,58,57,2,-43.27525024,0.020000
1,0,58,59,2,20.08779702,0.020000
1,0,59,58,2,-20.08311068,0.020000
1,0,60,57,1,-645.36962210,0.020000
1,0,60,57,2,-530.00329107,0.020000
1,0,60,57,3,-632.30133496,0.020000
1,0,60,61,1,-0.00001219,0.020000
1,0,60,61,2,0.00001812,0.020000
1,0,60,61,3,-0.00000671,0.020000
1,0,60,62,1,60.51460238,0.020000
1,0,60,62,2,117.65641050,0.020000
1,0,60,62,3,175.37874563,0.020000
1,0,60,6000,1,563.34324882,0.020000
1,0,60,6000,2,412.34686258,0.020000
1,0,60,6000,3,456.92259615,0.020000
1,0,61,60,1,0.00000035,0.020000
1,0,61,60,2,0.00000018,0.020000
1,0,61,60,3,0.00000025,0.020000
1,0,61,610,1,-0.00000012,0.020000
1,0,61,610,2,-0.00000005,0.020000
1,0,61,610,3,-0.00000013,0.020000
1,0,62,60,1,-60.49966056,0.020000
1,0,62,60,2,-117.49341703,0.020000
1,0,62,60,3,-174.98217739,0.020000
1,0,62,63,1,60.49966079,0.020000
1,0,62,63,2,117.49341716,0.020000
1,0,62,63,3,132.17261945,0.020000
1,0,63,62,1,-60.47971411,0.020000
1,0,63,62,2,-117.38075268,0.020000
1,0,63,62,3,-132.01945021,0.020000
1,0,63,64,1,27.27066270,0.020000
1,0,63,64,2,117.38075281,0.020000
1,0,63,64,3,132.01945032,0.020000
1,0,64,63,1,-27.27223525,0.020000
1,0,64,63,2,-117.12746421,0.020000
1,0,64,63,3,-131.71351343,0.020000
1,0,64,65,1,27.27223548,0.020000
1,0,64,65,2,32.39814589,0.020000
1,0,64,65,3,131.71351354,0.020000
1,0,65,64,1,-27.28097450,0.020000
1,0,65,64,2,-32.37858894,0.020000
1,0,65,64,3,-131.23280346,0.020000
1,0,65,66,1,-0.00000010,0.020000
1,0,65,66,2,-0.00000028,0.020000
1,0,65,66,3,64.67619600,0.020000
1,0,66,65,1,0.00000023,0.020000
1,0,66,65,2,0.00000013,0.020000
1,0,66,65,3,-64.58772285,0.020000
1,0,67,68,1,121.26529579,0.020000
1,0,67,72,1,246.28652631,0.020000
1,0,67,72,2,295.18672528,0.020000
1,0,67,72,3,321.80437520,0.020000
1,0,67,97,1,194.76886202,0.020000
1,0,67,97,2,116.80533278,0.020000
1,0,67,97,3,134.16268330,0.020000
1,0,67,6000,1,-562.32068410,0.020000
1,0,67,6000,2,-411.99205789,0.020000
1,0,67,6000,3,-455.96705837,0.020000
1,0,68,67,1,-121.10860247,0.020000
1,0,68,69,1,109.44864062,0.020000
1,0,69,68,1,-109.28090367,0.020000
1,0,69,70,1,58.23811564,0.020000
1,0,70,69,1,-58.17751381,0.020000
1,0,70,71,1,38.85640005,0.020000
1,0,71,70,1,-38.83197788,0.020000
1,0,72,67,1,-246.18027136,0.020000
1,0,72,67,2,-294.79301262,0.020000
1,0,72,67,3,-321.55260022,0.020000
1,0,72,73,3,142.27139565,0.020000
1,0,72,76,1,246.18027138,0.020000
1,0,72,76,2,294.79301280,0.020000
1,0,72,76,3,179.28120470,0.020000
1,0,73,72,3,-141.99879255,0.020000
1,0,73,74,3,98.73628776,0.020000
1,0,74,73,3,-98.55843221,0.020000
1,0,74,75,3,61.69727348,0.020000
1,0,75,74,3,-61.60854044,0.020000
1,0,76,72,1,-246.01058114,0.020000
1,0,76,72,2,-294.50318639,0.020000
1,0,76,72,3,-179.28573149,0.020000
1,0,76,77,1,62.62682946,0.020000
1,0,76,77,2,83.21700161,0.020000
1,0,76,77,3,84.40153446,0.020000
1,0,76,86,1,82.79627389,0.020000
1,0,76,86,2,157.27229684,0.020000
1,0,76,86,3,39.88968155,0.020000
1,0,77,76,1,-62.54796945,0.020000
1,0,77,76,2,-83.03010931,0.020000
1,0,77,76,3,-84.23272562,0.020000
1,0,77,78,1,62.54796947,0.020000
1,0,77,78,2,36.98900317,0.020000
1,0,77,78,3,84.23272575,0.020000
1,0,78,77,1,-62.51986995,0.020000
1,0,78,77,2,-36.95421783,0.020000
1,0,78,77,3,-84.18645497,0.020000
1,0,78,79,1,28.87208153,0.020000
1,0,78,79,2,-0.00000330,0.020000
1,0,78,79,3,-0.00000449,0.020000
1,0,78,80,1,33.64778844,0.020000
1,0,78,80,2,36.95422130,0.020000
1,0,78,80,3,84.18645959,0.020000
1,0,79,78,1,-28.86831505,0.020000
1,0,79,78,2,0.00000018,0.020000
1,0,79,78,3,0.00000013,0.020000
1,0,80,78,1,-33.52496483,0.020000
1,0,80,78,2,-36.80113958,0.020000
1,0,80,78,3,-83.92384997,0.020000
1,0,80,81,1,33.52496485,0.020000
1,0,80,81,2,0.34298864,0.020000
1,0,80,81,3,83.92385011,0.020000
1,0,81,80,1,-33.36349926,0.020000
1,0,81,80,2,-0.21918942,0.020000
1,0,81,80,3,-83.64669207,0.020000
1,0,81,82,1,33.36349927,0.020000
1,0,81,82,2,0.21918960,0.020000
1,0,81,82,3,20.24906875,0.020000
1,0,81,84,3,63.39762346,0.020000
1,0,82,81,1,-33.27902552,0.020000
1,0,82,81,2,-0.10375649,0.020000
1,0,82,81,3,-20.14768739,0.020000
1,0,82,83,1,0.08146995,0.020000
1,0,82,83,2,0.10375666,0.020000
1,0,82,83,3,20.14768752,0.020000
1,0,83,82,1,0.00000002,0.020000
1,0,83,82,2,0.00000018,0.020000
1,0,83,82,3,-20.01493915,0.020000
1,0,84,81,3,-63.26440919,0.020000
1,0,84,85,3,34.47378554,0.020000
1,0,85,84,3,-34.44286749,0.020000
1,0,86,76,1,-82.73354626,0.020000
1,0,86,76,2,-157.01960177,0.020000
1,0,86,76,3,-39.92491269,0.020000
1,0,86,87,1,82.73354628,0.020000
1,0,86,87,2,142.32279423,0.020000
1,0,86,87,3,39.92491282,0.020000
1,0,87,86,1,-82.69451145,0.020000
1,0,87,86,2,-142.20040903,0.020000
1,0,87,86,3,-39.93419161,0.020000
1,0,87,88,1,40.54546961,0.020000
1,0,87,89,1,42.14904186,0.020000
1,0,87,89,2,86.93102693,0.020000
1,0,87,89,3,39.93419175,0.020000
1,0,88,87,1,-40.52572994,0.020000
1,0,89,87,1,-42.13277968,0.020000
1,0,89,87,2,-86.89747317,0.020000
1,0,89,87,3,-39.94191297,0.020000
1,0,89,90,2,39.49735654,0.020000
1,0,89,91,1,42.13277969,0.020000
1,0,89,91,2,47.40011681,0.020000
1,0,89,91,3,39.94191311,0.020000
1,0,90,89,2,-39.47293026,0.020000
1,0,91,89,1,-42.12595886,0.020000
1,0,91,89,2,-47.38877297,0.020000
1,0,91,89,3,-39.93991096,0.020000
1,0,91,92,3,39.93992153,0.020000
1,0,91,93,1,42.12595888,0.020000
1,0,91,93,2,47.38877315,0.020000
1,0,91,93,3,-0.00001043,0.020000
1,0,92,91,3,-39.90647221,0.020000
1,0,93,91,1,-42.11655579,0.020000
1,0,93,91,2,-47.38582528,0.020000
1,0,93,91,3,0.00000607,0.020000
1,0,93,94,1,42.11654580,0.020000
1,0,93,95,1,0.00001001,0.020000
1,0,93,95,2,47.38582546,0.020000
1,0,93,95,3,-0.00000594,0.020000
1,0,94,93,1,-42.09457735,0.020000
1,0,95,93,1,0.00000002,0.020000
1,0,95,93,2,-47.37317608,0.020000
1,0,95,93,3,0.00000013,0.020000
1,0,95,96,2,13.58611275,0.020000
1,0,96,95,2,-13.58409025,0.020000
1,0,97,67,1,-194.66009087,0.020000
1,0,97,67,2,-116.78310974,0.020000
1,0,97,67,3,-134.07575722,0.020000
1,0,97,98,1,53.77622392,0.020000
1,0,97,98,2,36.49346409,0.020000
1,0,97,98,3,34.19452035,0.020000
1,0,97,101,1,140.88386697,0.020000
1,0,97,101,2,80.28964582,0.020000
1,0,97,101,3,99.88123700,0.020000
1,0,98,97,1,-53.76725846,0.020000
1,0,98,97,2,-36.49121029,0.020000
1,0,98,97,3,-34.18587654,0.020000
1,0,98,99,1,0.00002147,0.020000
1,0,98,99,2,36.49121047,0.020000
1,0,98,99,3,34.18587667,0.020000
1,0,99,98,1,-0.00001432,0.020000
1,0,99,98,2,-36.46959488,0.020000
1,0,99,98,3,-34.18488320,0.020000
1,0,99,100,1,0.00001434,0.020000
1,0,99,100,2,-0.00003776,0.020000
1,0,99,100,3,34.18488333,0.020000
1,0,100,99,1,-0.00001040,0.020000
1,0,100,99,2,0.00002751,0.020000
1,0,100,99,3,-34.17616194,0.020000
1,0,100,450,1,0.00001043,0.020000
1,0,100,450,2,-0.00002734,0.020000
1,0,100,450,3,0.00001659,0.020000
1,0,101,102,3,99.83816958,0.020000
1,0,101,105,1,140.82645082,0.020000
1,0,101,105,2,80.27888426,0.020000
1,0,101,105,3,0.00003305,0.020000
1,0,101,97,1,-140.82645056,0.020000
1,0,101,97,2,-80.27888411,0.020000
1,0,101,97,3,-99.83820247,0.020000
1,0,102,101,3,-99.72294475,0.020000
1,0,102,103,3,88.32872335,0.020000
1,0,103,102,3,-88.20115391,0.020000
1,0,103,104,3,31.57161533,0.020000
1,0,104,103,3,-31.53332401,0.020000
1,0,105,101,1,-140.69704623,0.020000
1,0,105,101,2,-80.29715347,0.020000
1,0,105,101,3,-0.00002746,0.020000
1,0,105,106,2,80.29719913,0.020000
1,0,105,108,1,140.69704649,0.020000
1,0,105,108,2,-0.00004550,0.020000
1,0,105,108,3,0.00002762,0.020000
1,0,106,105,2,-80.22362539,0.020000
1,0,106,107,2,40.17429009,0.020000
1,0,107,106,2,-40.12546540,0.020000
1,0,108,105,1,-140.58196633,0.020000
1,0,108,105,2,0.00003449,0.020000
1,0,108,105,3,-0.00002094,0.020000
1,0,108,109,1,140.58195393,0.020000
1,0,108,300,1,0.00001266,0.020000
1,0,108,300,2,-0.00003434,0.020000
1,0,108,300,3,0.00002111,0.020000
1,0,109,108,1,-140.12303846,0.020000
1,0,109,110,1,114.00404841,0.020000
1,0,110,109,1,-113.80191289,0.020000
1,0,110,111,1,30.70617515,0.020000
1,0,110,112,1,83.09573800,0.020000
1,0,111,110,1,-30.67807254,0.020000
1,0,112,110,1,-83.05077237,0.020000
1,0,112,113,1,63.18084973,0.020000
1,0,113,112,1,-63.07181904,0.020000
1,0,113,114,1,30.60645374,0.020000
1,0,114,113,1,-30.59057539,0.020000
1,0,149,1,1,1488.89947369,0.020000
1,0,149,1,2,924.51708323,0.020000
1,0,149,1,3,1192.66040633,0.020000
1,0,149,150,1,-1488.89947351,0.020000
1,0,149,150,2,-924.51708324,0.020000
1,0,149,150,3,-1192.66040620,0.020000
1,0,151,51,1,0.00000012,0.020000
1,0,151,51,2,0.00000006,0.020000
1,0,151,51,3,0.00000012,0.020000
1,0,6000,67,1,563.34324884,0.020000
1,0,6000,67,2,412.34686275,0.020000
1,0,6000,67,3,456.92259628,0.020000
1,0,6000,60,1,-563.34324882,0.020000
1,0,6000,60,2,-412.34686258,0.020000
1,0,6000,60,3,-456.92259615,0.020000
1,0,250,30,1,0.00000025,0.020000
1,0,250,30,2,-0.00000000,0.020000
1,0,250,30,3,0.00000012,0.020000
1,0,300,108,1,0.00000026,0.020000
1,0,300,108,2,0.00000015,0.020000
1,0,300,108,3,0.00000016,0.020000
1,0,450,100,1,0.00000002,0.020000
1,0,450,100,2,0.00000017,0.020000
1,0,450,100,3,0.00000013,0.020000
1,0,610,61,1,0.00000012,0.020000
1,0,610,61,2,0.00000005,0.020000
1,0,610,61,3,-0.00000000,0.020000
1,1,150,149,1,620.25356265,0.020000
1,1,150,149,2,279.00752814,0.020000
1,1,150,149,3,414.74096429,0.020000
1,1,1,2,2,12.41214369,0.020000
1,1,1,3,3,64.80338419,0.020000
1,1,1,7,1,579.18884644,0.020000
1,1,1,7,2,261.22616654,0.020000
1,1,1,7,3,339.07284404,0.020000
1,1,1,149,1,-594.94669704,0.020000
1,1,1,149,2,-273.63831006,0.020000
1,1,1,149,3,-403.87622809,0.020000
1,1,2,1,2,-12.40767201,0.020000
1,1,3,1,3,-64.60267254,0.020000
1,1,3,4,3,35.36870663,0.020000
1,1,3,5,3,29.23396604,0.020000
1,1,4,3,3,-35.32569070,0.020000
1,1,5,3,3,-29.17319214,0.020000
1,1,5,6,3,20.22301640,0.020000
1,1,6,5,3,-20.19927261,0.020000
1,1,7,1,1,-561.34482095,0.020000
1,1,7,1,2,-257.02543539,0.020000
1,1,7,1,3,-333.21833815,0.020000
1,1,7,8,1,544.89660442,0.020000
1,1,7,8,2,257.02543556,0.020000
1,1,7,8,3,333.21833828,0.020000
1,1,8,7,1,-533.65144297,0.020000
1,1,8,7,2,-254.22246012,0.020000
1,1,8,7,3,-329.22295546,0.020000
1,1,8,12,2,9.84769841,0.020000
1,1,8,9,1,55.76712467,0.020000
1,1,8,13,1,477.88431871,0.020000
1,1,8,13,2,244.37476187,0.020000
1,1,8,13,3,329.22295559,0.020000
1,1,9,8,1,-55.61973313,0.020000
1,1,9,9000,1,29.96854498,0.020000
1,1,9000,14,1,29.96827449,0.020000
1,1,9000,9,1,-29.96827399,0.020000
1,1,10,14,1,-7.76692961,0.020000
1,1,11,14,1,-22.08887411,0.020000
1,1,12,8,2,-9.84412874,0.020000
1,1,13,8,1,-464.01759988,0.020000
1,1,13,8,2,-240.39807983,0.020000
1,1,13,8,3,-322.76180444,0.020000
1,1,13,34,3,32.95936040,0.020000
1,1,13,18,1,289.48911046,0.020000
1,1,13,18,2,187.37427436,0.020000
1,1,13,18,3,195.58767051,0.020000
1,1,13,52,1,174.52848984,0.020000
1,1,13,52,2,53.02380563,0.020000
1,1,13,52,3,94.21477368,0.020000
1,1,14,9000,1,-29.88341541,0.020000
1,1,14,11,1,22.11066751,0.020000
1,1,14,10,1,7.77274841,0.020000
1,1,15,16,3,9.68279313,0.020000
1,1,15,17,3,11.27819115,0.020000
1,1,15,34,3,-20.96098413,0.020000
1,1,16,15,3,-9.67382092,0.020000
1,1,17,15,3,-11.27222851,0.020000
1,1,18,13,1,-282.54020075,0.020000
1,1,18,13,2,-185.62670197,0.020000
1,1,18,13,3,-193.84592177,0.020000
1,1,18,19,1,50.65633863,0.020000
1,1,18,21,1,49.28074645,0.020000
1,1,18,21,2,17.34030739,0.020000
1,1,18,21,3,66.48526805,0.020000
1,1,18,35,1,182.60311609,0.020000
1,1,18,35,2,168.28639474,0.020000
1,1,18,35,3,127.36065387,0.020000
1,1,19,18,1,-50.53330475,0.020000
1,1,19,20,1,25.27809632,0.020000
1,1,20,19,1,-25.23819394,0.020000
1,1,21,18,1,-49.16231594,0.020000
1,1,21,18,2,-17.34389666,0.020000
1,1,21,18,3,-66.33601999,0.020000
1,1,21,22,2,17.34424615,0.020000
1,1,21,23,1,49.16231636,0.020000
1,1,21,23,2,-0.00034933,0.020000
1,1,21,23,3,66.33602013,0.020000
1,1,22,21,2,-17.29705243,0.020000
1,1,23,21,1,-49.04866083,0.020000
1,1,23,21,2,0.00029413,0.020000
1,1,23,21,3,-66.20650312,0.020000
1,1,23,24,3,22.28247500,0.020000
1,1,23,25,1,49.04866125,0.020000
1,1,23,25,2,-0.00029397,0.020000
1,1,23,25,3,43.92402826,0.020000
1,1,24,23,3,-22.21909926,0.020000
1,1,25,23,1,-48.91732201,0.020000
1,1,25,23,2,0.00023322,0.020000
1,1,25,23,3,-43.87772303,0.020000
1,1,25,28,1,28.86482623,0.020000
1,1,25,28,2,-0.00023306,0.020000
1,1,25,28,3,23.99028708,0.020000
1,1,25,2500,1,20.05249620,0.020000
1,1,25,2500,3,19.88743609,0.020000
1,1,2500,26,1,20.05237403,0.020000
1,1,2500,26,3,19.88731432,0.020000
1,1,2500,25,1,-20.05237345,0.020000
1,1,2500,25,3,-19.88731501,0.020000
1,1,26,2500,1,-20.02882690,0.020000
1,1,26,2500,3,-19.87048937,0.020000
1,1,26,27,1,20.02882748,0.020000
1,1,26,27,3,-0.00005154,0.020000
1,1,26,31,3,19.87054021,0.020000
1,1,27,26,1,-20.00896545,0.020000
1,1,27,26,3,-0.00000070,0.020000
1,1,27,33,1,20.00896602,0.020000
1,1,28,25,1,-28.82542741,0.020000
1,1,28,25,2,0.00018883,0.020000
1,1,28,25,3,-23.98238177,0.020000
1,1,28,29,1,9.25571780,0.020000
1,1,28,29,2,-0.00018867,0.020000
1,1,28,29,3,23.98238191,0.020000
1,1,29,28,1,-9.24039695,0.020000
1,1,29,28,2,0.00012226,0.020000
1,1,29,28,3,-23.96310424,0.020000
1,1,29,30,1,-0.00013549,0.020000
1,1,29,30,2,-0.00012211,0.020000
1,1,29,30,3,23.96310438,0.020000
1,1,30,29,1,0.00004982,0.020000
1,1,30,29,2,0.00004460,0.020000
1,1,30,29,3,-23.93452616,0.020000
1,1,30,250,1,-0.00004940,0.020000
1,1,30,250,2,-0.00004444,0.020000
1,1,30,250,3,-0.00004651,0.020000
1,1,31,26,3,-19.85048660,0.020000
1,1,31,32,3,8.73573031,0.020000
1,1,32,31,3,-8.73157933,0.020000
1,1,33,27,1,-19.96378346,0.020000
1,1,34,13,3,-32.91706272,0.020000
1,1,34,15,3,20.96910100,0.020000
1,1,35,36,1,30.61979160,0.020000
1,1,35,36,2,27.34075816,0.020000
1,1,35,40,1,135.56134640,0.020000
1,1,35,40,2,140.25504808,0.020000
1,1,35,40,3,127.04236066,0.020000
1,1,35,18,1,-181.48328355,0.020000
1,1,35,18,2,-167.59580608,0.020000
1,1,35,18,3,-127.04236050,0.020000
1,1,36,35,1,-30.53301536,0.020000
1,1,36,35,2,-27.24586074,0.020000
1,1,36,37,1,30.53301563,0.020000
1,1,36,38,2,27.24586091,0.020000
1,1,37,36,1,-30.46479893,0.020000
1,1,38,36,2,-27.19780749,0.020000
1,1,38,39,2,18.54672988,0.020000
1,1,39,38,2,-18.52283514,0.020000
1,1,40,35,1,-135.23135963,0.020000
1,1,40,35,2,-140.00881631,0.020000
1,1,40,35,3,-126.73453844,0.020000
1,1,40,41,3,8.48935454,0.020000
1,1,40,42,1,135.23135990,0.020000
1,1,40,42,2,140.00881648,0.020000
1,1,40,42,3,118.24518407,0.020000
1,1,41,40,3,-8.48392830,0.020000
1,1,42,40,1,-134.89647978,0.020000
1,1,42,40,2,-139.75195468,0.020000
1,1,42,40,3,-118.00014437,0.020000
1,1,42,43,2,24.53564568,0.020000
1,1,42,44,1,124.78880122,0.020000
1,1,42,44,2,115.21630917,0.020000
1,1,42,44,3,118.00014454,0.020000
1,1,43,42,2,-24.49954974,0.020000
1,1,44,42,1,-124.56492947,0.020000
1,1,44,42,2,-115.09289899,0.020000
1,1,44,42,3,-117.79088803,0.020000
1,1,44,45,1,21.21975396,0.020000
1,1,44,47,1,103.34517578,0.020000
1,1,44,47,2,115.09289916,0.020000
1,1,44,47,3,117.79088819,0.020000
1,1,45,44,1,-21.20134473,0.020000
1,1,45,46,1,9.36228895,0.020000
1,1,46,45,1,-9.35539157,0.020000
1,1,47,44,1,-103.19466087,0.020000
1,1,47,44,2,-114.92615257,0.020000
1,1,47,44,3,-117.50400309,0.020000
1,1,47,48,1,28.83058260,0.020000
1,1,47,48,2,27.87129271,0.020000
1,1,47,48,3,36.04195580,0.020000
1,1,47,49,1,39.32491544,0.020000
1,1,47,49,2,46.29051128,0.020000
1,1,47,49,3,40.45501552,0.020000
1,1,48,47,1,-28.82137283,0.020000
1,1,48,47,2,-27.86445818,0.020000
1,1,48,47,3,-36.02568965,0.020000
1,1,49,47,1,-39.31183902,0.020000
1,1,49,47,2,-46.26933218,0.020000
1,1,49,47,3,-40.41363634,0.020000
1,1,49,50,1,11.17523164,0.020000
1,1,49,50,2,-0.00025862,0.020000
1,1,49,50,3,19.15127967,0.020000
1,1,50,49,1,-11.17213409,0.020000
1,1,50,49,2,0.00019410,0.020000
1,1,50,49,3,-19.13824558,0.020000
1,1,50,51,1,11.17213436,0.020000
1,1,50,51,2,-0.00019393,0.020000
1,1,50,51,3,-0.00017342,0.020000
1,1,51,50,1,-11.16825330,0.020000
1,1,51,50,2,0.00012941,0.020000
1,1,51,50,3,0.00011572,0.020000
1,1,51,151,1,-0.00010207,0.020000
1,1,51,151,2,-0.00012924,0.020000
1,1,51,151,3,-0.00011555,0.020000
1,1,52,53,1,142.03942451,0.020000
1,1,52,53,2,50.51382754,0.020000
1,1,52,53,3,91.30021356,0.020000
1,1,52,13,1,-168.49558916,0.020000
1,1,52,13,2,-50.51382727,0.020000
1,1,52,13,3,-91.30021348,0.020000
1,1,53,52,1,-139.51792882,0.020000
1,1,53,52,2,-49.28014461,0.020000
1,1,53,52,3,-89.74842947,0.020000
1,1,53,54,1,118.60064859,0.020000
1,1,53,54,2,49.28014488,0.020000
1,1,53,54,3,89.74842954,0.020000
1,1,54,53,1,-117.22707882,0.020000
1,1,54,53,2,-48.52134469,0.020000
1,1,54,53,3,-88.73507267,0.020000
1,1,54,55,1,9.96522124,0.020000
1,1,54,55,2,10.15269619,0.020000
1,1,54,55,3,-0.00011757,0.020000
1,1,54,57,1,107.26185797,0.020000
1,1,54,57,2,38.36864877,0.020000
1,1,54,57,3,88.73519031,0.020000
1,1,55,54,1,-9.96125348,0.020000
1,1,55,54,2,-10.15149778,0.020000
1,1,55,54,3,0.00005886,0.020000
1,1,55,56,1,-0.00006277,0.020000
1,1,55,56,2,10.15149805,0.020000
1,1,55,56,3,-0.00005879,0.020000
1,1,56,55,1,0.00000039,0.020000
1,1,56,55,2,-10.14951118,0.020000
1,1,56,55,3,0.00000007,0.020000
1,1,57,54,1,-103.61542370,0.020000
1,1,57,54,2,-36.24044303,0.020000
1,1,57,54,3,-86.23265540,0.020000
1,1,57,58,2,17.22233208,0.020000
1,1,57,60,1,103.61542410,0.020000
1,1,57,60,2,19.01811122,0.020000
1,1,57,60,3,86.23265547,0.020000
1,1,58,57,2,-17.19994224,0.020000
1,1,58,59,2,7.47084916,0.020000
1,1,59,58,2,-7.46613796,0.020000
1,1,60,57,1,-95.53085381,0.020000
1,1,60,57,2,-15.36483002,0.020000
1,1,60,57,3,-80.87809565,0.020000
1,1,60,61,1,-0.00013271,0.020000
1,1,60,61,2,-0.00013181,0.020000
1,1,60,61,3,-0.00011557,0.020000
1,1,60,62,1,38.92826770,0.020000
1,1,60,62,2,62.22160403,0.020000
1,1,60,62,3,105.18296250,0.020000
1,1,60,6000,1,47.11926206,0.020000
1,1,60,6000,2,-46.85664192,0.020000
1,1,60,6000,3,-24.30475121,0.020000
1,1,61,60,1,0.00000057,0.020000
1,1,61,60,2,0.00000041,0.020000
1,1,61,60,3,0.00000017,0.020000
1,1,61,610,1,-0.00000018,0.020000
1,1,61,610,2,-0.00000014,0.020000
1,1,61,610,3,-0.00000010,0.020000
1,1,62,60,1,-38.90562882,0.020000
1,1,62,60,2,-62.22278489,0.020000
1,1,62,60,3,-104.93009997,0.020000
1,1,62,63,1,38.90562921,0.020000
1,1,62,63,2,62.22278516,0.020000
1,1,62,63,3,87.76860246,0.020000
1,1,63,62,1,-38.89399293,0.020000
1,1,63,62,2,-62.20350342,0.020000
1,1,63,62,3,-87.66519501,0.020000
1,1,63,64,1,23.33813543,0.020000
1,1,63,64,2,62.20350369,0.020000
1,1,63,64,3,87.66519508,0.020000
1,1,64,63,1,-23.34186949,0.020000
1,1,64,63,2,-62.18153252,0.020000
1,1,64,63,3,-87.42195711,0.020000
1,1,64,65,1,23.34186988,0.020000
1,1,64,65,2,21.04679306,0.020000
1,1,64,65,3,87.42195718,0.020000
1,1,65,64,1,-23.31982182,0.020000
1,1,65,64,2,-21.07524430,0.020000
1,1,65,64,3,-87.17537746,0.020000
1,1,65,66,1,-0.00069822,0.020000
1,1,65,66,2,-0.00075648,0.020000
1,1,65,66,3,34.59994579,0.020000
1,1,66,65,1,0.00000039,0.020000
1,1,66,65,2,0.00000027,0.020000
1,1,66,65,3,-34.55690210,0.020000
1,1,67,68,1,67.05296110,0.020000
1,1,67,72,1,-120.22316022,0.020000
1,1,67,72,2,-107.81467691,0.020000
1,1,67,72,3,-104.48146997,0.020000
1,1,67,97,1,97.78666801,0.020000
1,1,67,97,2,59.64925883,0.020000
1,1,67,97,3,79.23064613,0.020000
1,1,67,6000,1,-44.61646904,0.020000
1,1,67,6000,2,48.16541821,0.020000
1,1,67,6000,3,25.25082385,0.020000
1,1,68,67,1,-66.89414217,0.020000
1,1,68,69,1,54.07150904,0.020000
1,1,69,68,1,-53.90150617,0.020000
1,1,69,70,1,33.87286421,0.020000
1,1,70,69,1,-33.81147919,0.020000
1,1,70,71,1,25.42896748,0.020000
1,1,71,70,1,-25.40425228,0.020000
1,1,72,67,1,120.62955119,0.020000
1,1,72,67,2,108.28616615,0.020000
1,1,72,67,3,105.13161327,0.020000
1,1,72,73,3,62.82592085,0.020000
1,1,72,76,1,-120.62955134,0.020000
1,1,72,76,2,-108.28616601,0.020000
1,1,72,76,3,-167.95753410,0.020000
1,1,73,72,3,-62.54960798,0.020000
1,1,73,74,3,50.92335193,0.020000
1,1,74,73,3,-50.74310265,0.020000
1,1,74,75,3,39.47079625,0.020000
1,1,75,74,3,-39.38090410,0.020000
1,1,76,72,1,120.85082167,0.020000
1,1,76,72,2,108.78668648,0.020000
1,1,76,72,3,168.21688459,0.020000
1,1,76,77,1,-175.46682457,0.020000
1,1,76,77,2,-190.34478237,0.020000
1,1,76,77,3,-174.84560034,0.020000
1,1,76,86,1,-20.03337988,0.020000
1,1,76,86,2,40.62237773,0.020000
1,1,76,86,3,-33.66752569,0.020000
1,1,77,76,1,175.73327076,0.020000
1,1,77,76,2,190.69349392,0.020000
1,1,77,76,3,175.12826647,0.020000
1,1,77,78,1,-175.73327091,0.020000
1,1,77,78,2,-204.64341009,0.020000
1,1,77,78,3,-175.12826645,0.020000
1,1,78,77,1,175.80756625,0.020000
1,1,78,77,2,204.73526997,0.020000
1,1,78,77,3,175.18663772,0.020000
1,1,78,79,1,18.96403322,0.020000
1,1,78,79,2,-0.00005026,0.020000
1,1,78,79,3,-0.00005943,0.020000
1,1,78,80,1,-194.77159963,0.020000
1,1,78,80,2,-204.73521957,0.020000
1,1,78,80,3,-175.18657827,0.020000
1,1,79,78,1,-18.95523310,0.020000
1,1,79,78,2,0.00000013,0.020000
1,1,79,78,3,0.00000002,0.020000
1,1,80,78,1,195.20029491,0.020000
1,1,80,78,2,205.13006450,0.020000
1,1,80,78,3,175.49221224,0.020000
1,1,80,81,1,-195.20029507,0.020000
1,1,80,81,2,-216.81035733,0.020000
1,1,80,81,3,-175.49221222,0.020000
1,1,81,80,1,195.65289804,0.020000
1,1,81,80,2,217.27843590,0.020000
1,1,81,80,3,175.75121342,0.020000
1,1,81,82,1,-195.65289820,0.020000
1,1,81,82,2,-217.27843577,0.020000
1,1,81,82,3,-204.52389767,0.020000
1,1,81,84,3,28.77268427,0.020000
1,1,82,81,1,195.83577687,0.020000
1,1,82,81,2,217.53838600,0.020000
1,1,82,81,3,204.69250262,0.020000
1,1,82,83,1,-217.00291076,0.020000
1,1,82,83,2,-217.53838587,0.020000
1,1,82,83,3,-204.69250261,0.020000
1,1,83,82,1,217.24691198,0.020000
1,1,83,82,2,217.77416288,0.020000
1,1,83,82,3,204.86912984,0.020000
1,1,84,81,3,-28.63774303,0.020000
1,1,84,85,3,20.05230730,0.020000
1,1,85,84,3,-20.02103865,0.020000
1,1,86,76,1,20.05232629,0.020000
1,1,86,76,2,-40.07065645,0.020000
1,1,86,76,3,33.75052844,0.020000
1,1,86,87,1,-20.05232644,0.020000
1,1,86,87,2,29.42431167,0.020000
1,1,86,87,3,-33.75052842,0.020000
1,1,87,86,1,20.07037003,0.020000
1,1,87,86,2,-29.14934920,0.020000
1,1,87,86,3,33.79080810,0.020000
1,1,87,88,1,-33.39574954,0.020000
1,1,87,89,1,13.32537936,0.020000
1,1,87,89,2,-6.16090135,0.020000
1,1,87,89,3,-33.79080808,0.020000
1,1,88,87,1,33.41573327,0.020000
1,1,89,87,1,-13.32390932,0.020000
1,1,89,87,2,6.22865335,0.020000
1,1,89,87,3,33.81296788,0.020000
1,1,89,90,2,-32.95899774,0.020000
1,1,89,91,1,13.32390917,0.020000
1,1,89,91,2,26.73034452,0.020000
1,1,89,91,3,-33.81296787,0.020000
1,1,90,89,2,32.98372480,0.020000
1,1,91,89,1,-13.32349364,0.020000
1,1,91,89,2,-26.70775198,0.020000
1,1,91,89,3,33.83239453,0.020000
1,1,91,92,3,-33.83225564,0.020000
1,1,91,93,1,13.32349349,0.020000
1,1,91,93,2,26.70775211,0.020000
1,1,91,93,3,-0.00013887,0.020000
1,1,92,91,3,33.86611775,0.020000
1,1,93,91,1,-13.31509151,0.020000
1,1,93,91,2,-26.68813253,0.020000
1,1,93,91,3,0.00007938,0.020000
1,1,93,94,1,13.31516442,0.020000
1,1,93,95,1,-0.00007306,0.020000
1,1,93,95,2,26.68813266,0.020000
1,1,93,95,3,-0.00007936,0.020000
1,1,94,93,1,-13.29293698,0.020000
1,1,95,93,1,-0.00000015,0.020000
1,1,95,93,2,-26.65899536,0.020000
1,1,95,93,3,0.00000002,0.020000
1,1,95,96,2,7.83538846,0.020000
1,1,96,95,2,-7.83336961,0.020000
1,1,97,67,1,-97.48342648,0.020000
1,1,97,67,2,-59.58256588,0.020000
1,1,97,67,3,-79.14560847,0.020000
1,1,97,98,1,26.12511394,0.020000
1,1,97,98,2,19.62901439,0.020000
1,1,97,98,3,29.11035112,0.020000
1,1,97,101,1,71.35831239,0.020000
1,1,97,101,2,39.95355163,0.020000
1,1,97,101,3,50.03525737,0.020000
1,1,98,97,1,-26.09924549,0.020000
1,1,98,97,2,-19.62197244,0.020000
1,1,98,97,3,-29.10222800,0.020000
1,1,98,99,1,-0.00036591,0.020000
1,1,98,99,2,19.62197257,0.020000
1,1,98,99,3,29.10222802,0.020000
1,1,99,98,1,0.00024385,0.020000
1,1,99,98,2,-19.60518720,0.020000
1,1,99,98,3,-29.07341990,0.020000
1,1,99,100,1,-0.00024401,0.020000
1,1,99,100,2,-0.00026806,0.020000
1,1,99,100,3,29.07341992,0.020000
1,1,100,99,1,0.00017741,0.020000
1,1,100,99,2,0.00019503,0.020000
1,1,100,99,3,-29.05392040,0.020000
1,1,100,450,1,-0.00017756,0.020000
1,1,100,450,2,-0.00019490,0.020000
1,1,100,450,3,-0.00020946,0.020000
1,1,101,102,3,49.99245513,0.020000
1,1,101,105,1,71.20061180,0.020000
1,1,101,105,2,39.92194264,0.020000
1,1,101,105,3,-0.00042075,0.020000
1,1,101,97,1,-71.20061124,0.020000
1,1,101,97,2,-39.92194333,0.020000
1,1,101,97,3,-49.99203391,0.020000
1,1,102,101,3,-49.87567935,0.020000
1,1,102,103,3,41.55810567,0.020000
1,1,103,102,3,-41.42883089,0.020000
1,1,103,104,3,18.07113392,0.020000
1,1,104,103,3,-18.03242492,0.020000
1,1,105,101,1,-71.01369836,0.020000
1,1,105,101,2,-39.85442967,0.020000
1,1,105,101,3,0.00034876,0.020000
1,1,105,106,2,39.85475029,0.020000
1,1,105,108,1,71.01369891,0.020000
1,1,105,108,2,-0.00032131,0.020000
1,1,105,108,3,-0.00034828,0.020000
1,1,106,105,2,-39.78019937,0.020000
1,1,106,107,2,21.63744346,0.020000
1,1,107,106,2,-21.58803773,0.020000
1,1,108,105,1,-70.74818635,0.020000
1,1,108,105,2,0.00024230,0.020000
1,1,108,105,3,0.00026303,0.020000
1,1,108,109,1,70.74840830,0.020000
1,1,108,300,1,-0.00022139,0.020000
1,1,108,300,2,-0.00024299,0.020000
1,1,108,300,3,-0.00026256,0.020000
1,1,109,108,1,-70.28324511,0.020000
1,1,109,110,1,56.91334205,0.020000
1,1,110,109,1,-56.70847031,0.020000
1,1,110,111,1,15.15948886,0.020000
1,1,110,112,1,41.54898201,0.020000
1,1,111,110,1,-15.13108857,0.020000
1,1,112,110,1,-41.50341671,0.020000
1,1,112,113,1,31.37948158,0.020000
1,1,113,112,1,-31.26903110,0.020000
1,1,113,114,1,15.13622376,0.020000
1,1,114,113,1,-15.12017699,0.020000
1,1,149,1,1,620.11048261,0.020000
1,1,149,1,2,278.95604837,0.020000
1,1,149,1,3,414.65300199,0.020000
1,1,149,150,1,-620.11048221,0.020000
1,1,149,150,2,-278.95604820,0.020000
1,1,149,150,3,-414.65300186,0.020000
1,1,151,51,1,0.00000028,0.020000
1,1,151,51,2,0.00000017,0.020000
1,1,151,51,3,0.00000017,0.020000
1,1,6000,67,1,47.10141177,0.020000
1,1,6000,67,2,-46.86625210,0.020000
1,1,6000,67,3,-24.31649892,0.020000
1,1,6000,60,1,-47.10141191,0.020000
1,1,6000,60,2,46.86625222,0.020000
1,1,6000,60,3,24.31649893,0.020000
1,1,250,30,1,0.00000042,0.020000
1,1,250,30,2,0.00000015,0.020000
1,1,250,30,3,0.00000014,0.020000
1,1,300,108,1,0.00000056,0.020000
1,1,300,108,2,-0.00000069,0.020000
1,1,300,108,3,0.00000048,0.020000
1,1,450,100,1,-0.00000015,0.020000
1,1,450,100,2,0.00000013,0.020000
1,1,450,100,3,0.00000002,0.020000
1,1,610,61,1,0.00000018,0.020000
1,1,610,61,2,0.00000013,0.020000
1,1,610,61,3,0.00000000,0.020000
1,2,150,-1,1,-1488.89947351,0.020000
1,2,150,-1,2,-924.51708324,0.020000
1,2,150,-1,3,-1192.66040620,0.020000
1,2,1,-1,1,41.85601059,0.020000
1,2,1,-1,2,0.00000001,0.020000
1,2,1,-1,3,-0.00000012,0.020000
1,2,2,-1,2,21.81989415,0.020000
1,2,3,-1,3,-0.00000012,0.020000
1,2,4,-1,3,62.61662500,0.020000
1,2,5,-1,3,17.04339876,0.020000
1,2,6,-1,3,43.26354794,0.020000
1,2,7,-1,1,32.66939060,0.020000
1,2,7,-1,2,0.00000001,0.020000
1,2,7,-1,3,-0.00000012,0.020000
1,2,8,-1,1,-0.00000022,0.020000
1,2,8,-1,2,0.00000001,0.020000
1,2,8,-1,3,-0.00000012,0.020000
1,2,9,-1,1,49.38012817,0.020000
1,2,9000,-1,1,-0.00000029,0.020000
1,2,10,-1,1,21.77980912,0.020000
1,2,11,-1,1,38.78027223,0.020000
1,2,12,-1,2,17.17040883,0.020000
1,2,13,-1,1,-0.00000023,0.020000
1,2,13,-1,2,0.00000001,0.020000
1,2,13,-1,3,-0.00000012,0.020000
1,2,14,-1,1,-0.00000030,0.020000
1,2,15,-1,3,-0.00000013,0.020000
1,2,16,-1,3,21.65846924,0.020000
1,2,17,-1,3,16.57350258,0.020000
1,2,18,-1,1,-0.00000024,0.020000
1,2,18,-1,2,0.00000000,0.020000
1,2,18,-1,3,-0.00000012,0.020000
1,2,19,-1,1,46.03305621,0.020000
1,2,20,-1,1,45.90934548,0.020000
1,2,21,-1,1,-0.00000024,0.020000
1,2,21,-1,2,0.00000000,0.020000
1,2,21,-1,3,-0.00000012,0.020000
1,2,22,-1,2,43.36622757,0.020000
1,2,23,-1,1,-0.00000024,0.020000
1,2,23,-1,2,0.00000000,0.020000
1,2,23,-1,3,-0.00000012,0.020000
1,2,24,-1,3,46.32947160,0.020000
1,2,25,-1,1,-0.00000025,0.020000
1,2,25,-1,2,0.00000000,0.020000
1,2,25,-1,3,-0.00000012,0.020000
1,2,2500,-1,1,-0.00000028,0.020000
1,2,2500,-1,3,0.00000000,0.020000
1,2,26,-1,1,-0.00000029,0.020000
1,2,26,-1,3,0.00000000,0.020000
1,2,27,-1,1,-0.00000029,0.020000
1,2,27,-1,3,0.00000000,0.020000
1,2,28,-1,1,34.11690447,0.020000
1,2,28,-1,2,0.00000000,0.020000
1,2,28,-1,3,-0.00000012,0.020000
1,2,29,-1,1,36.99897112,0.020000
1,2,29,-1,2,0.00000000,0.020000
1,2,29,-1,3,-0.00000012,0.020000
1,2,30,-1,1,-0.00000025,0.020000
1,2,30,-1,2,0.00000000,0.020000
1,2,30,-1,3,42.02223609,0.020000
1,2,31,-1,3,24.98236916,0.020000
1,2,32,-1,3,15.59990703,0.020000
1,2,33,-1,1,39.93996692,0.020000
1,2,34,-1,3,36.03635060,0.020000
1,2,35,-1,1,27.58185090,0.020000
1,2,35,-1,2,-0.00000006,0.020000
1,2,35,-1,3,-0.00000012,0.020000
1,2,36,-1,1,-0.00000011,0.020000
1,2,36,-1,2,-0.00000006,0.020000
1,2,37,-1,1,64.17029570,0.020000
1,2,38,-1,2,24.58493813,0.020000
1,2,39,-1,2,37.81687258,0.020000
1,2,40,-1,1,-0.00000011,0.020000
1,2,40,-1,2,-0.00000006,0.020000
1,2,40,-1,3,-0.00000012,0.020000
1,2,41,-1,3,17.73712840,0.020000
1,2,42,-1,1,23.24815834,0.020000
1,2,42,-1,2,-0.00000006,0.020000
1,2,42,-1,3,-0.00000012,0.020000
1,2,43,-1,2,33.73418700,0.020000
1,2,44,-1,1,-0.00000011,0.020000
1,2,44,-1,2,-0.00000006,0.020000
1,2,44,-1,3,-0.00000012,0.020000
1,2,45,-1,1,19.26830744,0.020000
1,2,46,-1,1,20.57847165,0.020000
1,2,47,-1,1,57.73271308,0.020000
1,2,47,-1,2,63.29141006,0.020000
1,2,47,-1,3,57.58835427,0.020000
1,2,48,-1,1,44.92096283,0.020000
1,2,48,-1,2,47.06328591,0.020000
1,2,48,-1,3,58.11147586,0.020000
1,2,49,-1,1,24.46989262,0.020000
1,2,49,-1,2,47.52564140,0.020000
1,2,49,-1,3,30.66330122,0.020000
1,2,50,-1,1,-0.00000012,0.020000
1,2,50,-1,2,-0.00000006,0.020000
1,2,50,-1,3,37.69393430,0.020000
1,2,51,-1,1,17.73080353,0.020000
1,2,51,-1,2,-0.00000006,0.020000
1,2,51,-1,3,-0.00000012,0.020000
1,2,52,-1,1,50.95833781,0.020000
1,2,52,-1,2,-0.00000012,0.020000
1,2,52,-1,3,-0.00000012,0.020000
1,2,53,-1,1,35.87827620,0.020000
1,2,53,-1,2,-0.00000012,0.020000
1,2,53,-1,3,-0.00000012,0.020000
1,2,54,-1,1,-0.00000021,0.020000
1,2,54,-1,2,-0.00000012,0.020000
1,2,54,-1,3,-0.00000012,0.020000
1,2,55,-1,1,21.50815586,0.020000
1,2,55,-1,2,-0.00000012,0.020000
1,2,55,-1,3,-0.00000012,0.020000
1,2,56,-1,1,-0.00000021,0.020000
1,2,56,-1,2,11.44152374,0.020000
1,2,56,-1,3,-0.00000012,0.020000
1,2,57,-1,1,-0.00000022,0.020000
1,2,57,-1,2,-0.00000013,0.020000
1,2,57,-1,3,-0.00000012,0.020000
1,2,58,-1,2,23.18745323,0.020000
1,2,59,-1,2,20.08311068,0.020000
1,2,60,-1,1,21.51178309,0.020000
1,2,60,-1,2,-0.00000013,0.020000
1,2,60,-1,3,-0.00000012,0.020000
1,2,61,-1,1,-0.00000023,0.020000
1,2,61,-1,2,-0.00000013,0.020000
1,2,61,-1,3,-0.00000011,0.020000
1,2,62,-1,1,-0.00000023,0.020000
1,2,62,-1,2,-0.00000013,0.020000
1,2,62,-1,3,42.80955794,0.020000
1,2,63,-1,1,33.20905141,0.020000
1,2,63,-1,2,-0.00000013,0.020000
1,2,63,-1,3,-0.00000012,0.020000
1,2,64,-1,1,-0.00000023,0.020000
1,2,64,-1,2,84.72931831,0.020000
1,2,64,-1,3,-0.00000012,0.020000
1,2,65,-1,1,27.28097460,0.020000
1,2,65,-1,2,32.37858922,0.020000
1,2,65,-1,3,66.55660746,0.020000
1,2,66,-1,1,-0.00000023,0.020000
1,2,66,-1,2,-0.00000013,0.020000
1,2,66,-1,3,64.58772285,0.020000
1,2,67,-1,1,-0.00000002,0.020000
1,2,67,-1,2,-0.00000017,0.020000
1,2,67,-1,3,-0.00000013,0.020000
1,2,68,-1,1,11.65996185,0.020000
1,2,69,-1,1,51.04278803,0.020000
1,2,70,-1,1,19.32111376,0.020000
1,2,71,-1,1,38.83197788,0.020000
1,2,72,-1,1,-0.00000002,0.020000
1,2,72,-1,2,-0.00000017,0.020000
1,2,72,-1,3,-0.00000013,0.020000
1,2,73,-1,3,43.26250479,0.020000
1,2,74,-1,3,36.86115873,0.020000
1,2,75,-1,3,61.60854044,0.020000
1,2,76,-1,1,100.58747780,0.020000
1,2,76,-1,2,54.01388794,0.020000
1,2,76,-1,3,54.99451548,0.020000
1,2,77,-1,1,-0.00000002,0.020000
1,2,77,-1,2,46.04110614,0.020000
1,2,77,-1,3,-0.00000013,0.020000
1,2,78,-1,1,-0.00000002,0.020000
1,2,78,-1,2,-0.00000018,0.020000
1,2,78,-1,3,-0.00000013,0.020000
1,2,79,-1,1,28.86831505,0.020000
1,2,79,-1,2,-0.00000018,0.020000
1,2,79,-1,3,-0.00000013,0.020000
1,2,80,-1,1,-0.00000002,0.020000
1,2,80,-1,2,36.45815094,0.020000
1,2,80,-1,3,-0.00000013,0.020000
1,2,81,-1,1,-0.00000002,0.020000
1,2,81,-1,2,-0.00000018,0.020000
1,2,81,-1,3,-0.00000013,0.020000
1,2,82,-1,1,33.19755557,0.020000
1,2,82,-1,2,-0.00000018,0.020000
1,2,82,-1,3,-0.00000013,0.020000
1,2,83,-1,1,-0.00000002,0.020000
1,2,83,-1,2,-0.00000018,0.020000
1,2,83,-1,3,20.01493915,0.020000
1,2,84,-1,3,28.79062365,0.020000
1,2,85,-1,3,34.44286749,0.020000
1,2,86,-1,1,-0.00000002,0.020000
1,2,86,-1,2,14.69680754,0.020000
1,2,86,-1,3,-0.00000013,0.020000
1,2,87,-1,1,-0.00000002,0.020000
1,2,87,-1,2,55.26938209,0.020000
1,2,87,-1,3,-0.00000013,0.020000
1,2,88,-1,1,40.52572994,0.020000
1,2,89,-1,1,-0.00000002,0.020000
1,2,89,-1,2,-0.00000018,0.020000
1,2,89,-1,3,-0.00000013,0.020000
1,2,90,-1,2,39.47293026,0.020000
1,2,91,-1,1,-0.00000002,0.020000
1,2,91,-1,2,-0.00000018,0.020000
1,2,91,-1,3,-0.00000013,0.020000
1,2,92,-1,3,39.90647221,0.020000
1,2,93,-1,1,-0.00000002,0.020000
1,2,93,-1,2,-0.00000018,0.020000
1,2,93,-1,3,-0.00000013,0.020000
1,2,94,-1,1,42.09457735,0.020000
1,2,95,-1,1,-0.00000002,0.020000
1,2,95,-1,2,33.78706333,0.020000
1,2,95,-1,3,-0.00000013,0.020000
1,2,96,-1,2,13.58409025,0.020000
1,2,97,-1,1,-0.00000002,0.020000
1,2,97,-1,2,-0.00000017,0.020000
1,2,97,-1,3,-0.00000013,0.020000
1,2,98,-1,1,53.76723699,0.020000
1,2,98,-1,2,-0.00000017,0.020000
1,2,98,-1,3,-0.00000013,0.020000
1,2,99,-1,1,-0.00000002,0.020000
1,2,99,-1,2,36.46963264,0.020000
1,2,99,-1,3,-0.00000013,0.020000
1,2,100,-1,1,-0.00000002,0.020000
1,2,100,-1,2,-0.00000017,0.020000
1,2,100,-1,3,34.17614535,0.020000
1,2,101,-1,1,-0.00000026,0.020000
1,2,101,-1,2,-0.00000015,0.020000
1,2,101,-1,3,-0.00000017,0.020000
1,2,102,-1,3,11.39422141,0.020000
1,2,103,-1,3,56.62953858,0.020000
1,2,104,-1,3,31.53332401,0.020000
1,2,105,-1,1,-0.00000026,0.020000
1,2,105,-1,2,-0.00000015,0.020000
1,2,105,-1,3,-0.00000016,0.020000
1,2,106,-1,2,40.04933529,0.020000
1,2,107,-1,2,40.12546540,0.020000
1,2,108,-1,1,-0.00000026,0.020000
1,2,108,-1,2,-0.00000015,0.020000
1,2,108,-1,3,-0.00000016,0.020000
1,2,109,-1,1,26.11899005,0.020000
1,2,110,-1,1,-0.00000027,0.020000
1,2,111,-1,1,30.67807254,0.020000
1,2,112,-1,1,19.86992265,0.020000
1,2,113,-1,1,32.46536530,0.020000
1,2,114,-1,1,30.59057539,0.020000
1,2,149,-1,1,-0.00000018,0.020000
1,2,149,-1,2,0.00000001,0.020000
1,2,149,-1,3,-0.00000013,0.020000
1,2,151,-1,1,-0.00000012,0.020000
1,2,151,-1,2,-0.00000006,0.020000
1,2,151,-1,3,-0.00000012,0.020000
1,2,6000,-1,1,-0.00000002,0.020000
1,2,6000,-1,2,-0.00000017,0.020000
1,2,6000,-1,3,-0.00000013,0.020000
1,2,250,-1,1,-0.00000025,0.020000
1,2,250,-1,2,0.00000000,0.020000
1,2,250,-1,3,-0.00000012,0.020000
1,2,300,-1,1,-0.00000026,0.020000
1,2,300,-1,2,-0.00000015,0.020000
1,2,300,-1,3,-0.00000016,0.020000
1,2,450,-1,1,-0.00000002,0.020000
1,2,450,-1,2,-0.00000017,0.020000
1,2,450,-1,3,-0.00000013,0.020000
1,2,610,-1,1,-0.00000012,0.020000
1,2,610,-1,2,-0.00000005,0.020000
1,2,610,-1,3,0.00000000,0.020000
1,3,150,-1,1,-620.25356265,0.020000
1,3,150,-1,2,-279.00752814,0.020000
1,3,150,-1,3,-414.74096429,0.020000
1,3,1,-1,1,15.75785061,0.020000
1,3,1,-1,2,-0.00000017,0.020000
1,3,1,-1,3,-0.00000013,0.020000
1,3,2,-1,2,12.40767201,0.020000
1,3,3,-1,3,-0.00000013,0.020000
1,3,4,-1,3,35.32569070,0.020000
1,3,5,-1,3,8.95017575,0.020000
1,3,6,-1,3,20.19927261,0.020000
1,3,7,-1,1,16.44821653,0.020000
1,3,7,-1,2,-0.00000016,0.020000
1,3,7,-1,3,-0.00000014,0.020000
1,3,8,-1,1,-0.00000041,0.020000
1,3,8,-1,2,-0.00000016,0.020000
1,3,8,-1,3,-0.00000014,0.020000
1,3,9,-1,1,25.65118815,0.020000
1,3,9000,-1,1,-0.00000051,0.020000
1,3,10,-1,1,7.76692961,0.020000
1,3,11,-1,1,22.08887411,0.020000
1,3,12,-1,2,9.84412874,0.020000
1,3,13,-1,1,-0.00000042,0.020000
1,3,13,-1,2,-0.00000016,0.020000
1,3,13,-1,3,-0.00000014,0.020000
1,3,14,-1,1,-0.00000051,0.020000
1,3,15,-1,3,-0.00000014,0.020000
1,3,16,-1,3,9.67382092,0.020000
1,3,17,-1,3,11.27222851,0.020000
1,3,18,-1,1,-0.00000042,0.020000
1,3,18,-1,2,-0.00000016,0.020000
1,3,18,-1,3,-0.00000014,0.020000
1,3,19,-1,1,25.25520844,0.020000
1,3,20,-1,1,25.23819394,0.020000
1,3,21,-1,1,-0.00000042,0.020000
1,3,21,-1,2,-0.00000016,0.020000
1,3,21,-1,3,-0.00000014,0.020000
1,3,22,-1,2,17.29705243,0.020000
1,3,23,-1,1,-0.00000042,0.020000
1,3,23,-1,2,-0.00000016,0.020000
1,3,23,-1,3,-0.00000014,0.020000
1,3,24,-1,3,22.21909926,0.020000
1,3,25,-1,1,-0.00000042,0.020000
1,3,25,-1,2,-0.00000016,0.020000
1,3,25,-1,3,-0.00000014,0.020000
1,3,2500,-1,1,-0.00000058,0.020000
1,3,2500,-1,3,0.00000070,0.020000
1,3,26,-1,1,-0.00000057,0.020000
1,3,26,-1,3,0.00000070,0.020000
1,3,27,-1,1,-0.00000057,0.020000
1,3,27,-1,3,0.00000070,0.020000
1,3,28,-1,1,19.56970961,0.020000
1,3,28,-1,2,-0.00000016,0.020000
1,3,28,-1,3,-0.00000014,0.020000
1,3,29,-1,1,9.24053245,0.020000
1,3,29,-1,2,-0.00000015,0.020000
1,3,29,-1,3,-0.00000014,0.020000
1,3,30,-1,1,-0.00000042,0.020000
1,3,30,-1,2,-0.00000016,0.020000
1,3,30,-1,3,23.93457266,0.020000
1,3,31,-1,3,11.11475629,0.020000
1,3,32,-1,3,8.73157933,0.020000
1,3,33,-1,1,19.96378346,0.020000
1,3,34,-1,3,11.94796172,0.020000
1,3,35,-1,1,15.30214554,0.020000
1,3,35,-1,2,-0.00000017,0.020000
1,3,35,-1,3,-0.00000016,0.020000
1,3,36,-1,1,-0.00000027,0.020000
1,3,36,-1,2,-0.00000017,0.020000
1,3,37,-1,1,30.46479893,0.020000
1,3,38,-1,2,8.65107761,0.020000
1,3,39,-1,2,18.52283514,0.020000
1,3,40,-1,1,-0.00000027,0.020000
1,3,40,-1,2,-0.00000017,0.020000
1,3,40,-1,3,-0.00000016,0.020000
1,3,41,-1,3,8.48392830,0.020000
1,3,42,-1,1,10.10767856,0.020000
1,3,42,-1,2,-0.00000017,0.020000
1,3,42,-1,3,-0.00000016,0.020000
1,3,43,-1,2,24.49954974,0.020000
1,3,44,-1,1,-0.00000027,0.020000
1,3,44,-1,2,-0.00000017,0.020000
1,3,44,-1,3,-0.00000017,0.020000
1,3,45,-1,1,11.83905578,0.020000
1,3,46,-1,1,9.35539157,0.020000
1,3,47,-1,1,35.03916282,0.020000
1,3,47,-1,2,40.76434858,0.020000
1,3,47,-1,3,41.00703178,0.020000
1,3,48,-1,1,28.82137283,0.020000
1,3,48,-1,2,27.86445818,0.020000
1,3,48,-1,3,36.02568965,0.020000
1,3,49,-1,1,28.13660738,0.020000
1,3,49,-1,2,46.26959080,0.020000
1,3,49,-1,3,21.26235667,0.020000
1,3,50,-1,1,-0.00000028,0.020000
1,3,50,-1,2,-0.00000017,0.020000
1,3,50,-1,3,19.13841900,0.020000
1,3,51,-1,1,11.16835537,0.020000
1,3,51,-1,2,-0.00000017,0.020000
1,3,51,-1,3,-0.00000017,0.020000
1,3,52,-1,1,26.45616465,0.020000
1,3,52,-1,2,-0.00000027,0.020000
1,3,52,-1,3,-0.00000007,0.020000
1,3,53,-1,1,20.91728023,0.020000
1,3,53,-1,2,-0.00000027,0.020000
1,3,53,-1,3,-0.00000007,0.020000
1,3,54,-1,1,-0.00000039,0.020000
1,3,54,-1,2,-0.00000027,0.020000
1,3,54,-1,3,-0.00000007,0.020000
1,3,55,-1,1,9.96131625,0.020000
1,3,55,-1,2,-0.00000027,0.020000
1,3,55,-1,3,-0.00000007,0.020000
1,3,56,-1,1,-0.00000039,0.020000
1,3,56,-1,2,10.14951118,0.020000
1,3,56,-1,3,-0.00000007,0.020000
1,3,57,-1,1,-0.00000039,0.020000
1,3,57,-1,2,-0.00000027,0.020000
1,3,57,-1,3,-0.00000007,0.020000
1,3,58,-1,2,9.72909308,0.020000
1,3,59,-1,2,7.46613796,0.020000
1,3,60,-1,1,9.48345675,0.020000
1,3,60,-1,2,-0.00000028,0.020000
1,3,60,-1,3,-0.00000008,0.020000
1,3,61,-1,1,-0.00000039,0.020000
1,3,61,-1,2,-0.00000027,0.020000
1,3,61,-1,3,-0.00000007,0.020000
1,3,62,-1,1,-0.00000039,0.020000
1,3,62,-1,2,-0.00000027,0.020000
1,3,62,-1,3,17.16149751,0.020000
1,3,63,-1,1,15.55585750,0.020000
1,3,63,-1,2,-0.00000027,0.020000
1,3,63,-1,3,-0.00000007,0.020000
1,3,64,-1,1,-0.00000039,0.020000
1,3,64,-1,2,41.13473946,0.020000
1,3,64,-1,3,-0.00000007,0.020000
1,3,65,-1,1,23.32052004,0.020000
1,3,65,-1,2,21.07600078,0.020000
1,3,65,-1,3,52.57543167,0.020000
1,3,66,-1,1,-0.00000039,0.020000
1,3,66,-1,2,-0.00000027,0.020000
1,3,66,-1,3,34.55690210,0.020000
1,3,67,-1,1,0.00000015,0.020000
1,3,67,-1,2,-0.00000013,0.020000
1,3,67,-1,3,-0.00000002,0.020000
1,3,68,-1,1,12.82263313,0.020000
1,3,69,-1,1,20.02864196,0.020000
1,3,70,-1,1,8.38251171,0.020000
1,3,71,-1,1,25.40425228,0.020000
1,3,72,-1,1,0.00000015,0.020000
1,3,72,-1,2,-0.00000013,0.020000
1,3,72,-1,3,-0.00000002,0.020000
1,3,73,-1,3,11.62625605,0.020000
1,3,74,-1,3,11.27230639,0.020000
1,3,75,-1,3,39.38090410,0.020000
1,3,76,-1,1,74.64938278,0.020000
1,3,76,-1,2,40.93571816,0.020000
1,3,76,-1,3,40.29624145,0.020000
1,3,77,-1,1,0.00000015,0.020000
1,3,77,-1,2,13.94991617,0.020000
1,3,77,-1,3,-0.00000002,0.020000
1,3,78,-1,1,0.00000015,0.020000
1,3,78,-1,2,-0.00000013,0.020000
1,3,78,-1,3,-0.00000002,0.020000
1,3,79,-1,1,18.95523310,0.020000
1,3,79,-1,2,-0.00000013,0.020000
1,3,79,-1,3,-0.00000002,0.020000
1,3,80,-1,1,0.00000015,0.020000
1,3,80,-1,2,11.68029283,0.020000
1,3,80,-1,3,-0.00000002,0.020000
1,3,81,-1,1,0.00000015,0.020000
1,3,81,-1,2,-0.00000013,0.020000
1,3,81,-1,3,-0.00000002,0.020000
1,3,82,-1,1,21.16713389,0.020000
1,3,82,-1,2,-0.00000013,0.020000
1,3,82,-1,3,-0.00000001,0.020000
1,3,83,-1,1,0.00000015,0.020000
1,3,83,-1,2,-0.00000013,0.020000
1,3,83,-1,3,10.16790683,0.020000
1,3,84,-1,3,8.58543573,0.020000
1,3,85,-1,3,20.02103865,0.020000
1,3,86,-1,1,0.00000015,0.020000
1,3,86,-1,2,10.64634477,0.020000
1,3,86,-1,3,-0.00000002,0.020000
1,3,87,-1,1,0.00000015,0.020000
1,3,87,-1,2,35.31025055,0.020000
1,3,87,-1,3,-0.00000002,0.020000
1,3,88,-1,1,19.95484373,0.020000
1,3,89,-1,1,0.00000015,0.020000
1,3,89,-1,2,-0.00000013,0.020000
1,3,89,-1,3,-0.00000002,0.020000
1,3,90,-1,2,20.20042593,0.020000
1,3,91,-1,1,0.00000015,0.020000
1,3,91,-1,2,-0.00000013,0.020000
1,3,91,-1,3,-0.00000002,0.020000
1,3,92,-1,3,19.74529168,0.020000
1,3,93,-1,1,0.00000015,0.020000
1,3,93,-1,2,-0.00000014,0.020000
1,3,93,-1,3,-0.00000002,0.020000
1,3,94,-1,1,13.29293698,0.020000
1,3,95,-1,1,0.00000015,0.020000
1,3,95,-1,2,18.82360689,0.020000
1,3,95,-1,3,-0.00000002,0.020000
1,3,96,-1,2,7.83336961,0.020000
1,3,97,-1,1,0.00000015,0.020000
1,3,97,-1,2,-0.00000013,0.020000
1,3,97,-1,3,-0.00000002,0.020000
1,3,98,-1,1,26.09961140,0.020000
1,3,98,-1,2,-0.00000013,0.020000
1,3,98,-1,3,-0.00000002,0.020000
1,3,99,-1,1,0.00000015,0.020000
1,3,99,-1,2,19.60545526,0.020000
1,3,99,-1,3,-0.00000002,0.020000
1,3,100,-1,1,0.00000015,0.020000
1,3,100,-1,2,-0.00000013,0.020000
1,3,100,-1,3,29.05412986,0.020000
1,3,101,-1,1,-0.00000055,0.020000
1,3,101,-1,2,0.00000069,0.020000
1,3,101,-1,3,-0.00000048,0.020000
1,3,102,-1,3,8.31757368,0.020000
1,3,103,-1,3,23.35769697,0.020000
1,3,104,-1,3,18.03242492,0.020000
1,3,105,-1,1,-0.00000055,0.020000
1,3,105,-1,2,0.00000069,0.020000
1,3,105,-1,3,-0.00000048,0.020000
1,3,106,-1,2,18.14275591,0.020000
1,3,107,-1,2,21.58803773,0.020000
1,3,108,-1,1,-0.00000056,0.020000
1,3,108,-1,2,0.00000069,0.020000
1,3,108,-1,3,-0.00000048,0.020000
1,3,109,-1,1,13.36990306,0.020000
1,3,110,-1,1,-0.00000056,0.020000
1,3,111,-1,1,15.13108857,0.020000
1,3,112,-1,1,10.12393513,0.020000
1,3,113,-1,1,16.13280733,0.020000
1,3,114,-1,1,15.12017699,0.020000
1,3,149,-1,1,-0.00000040,0.020000
1,3,149,-1,2,-0.00000017,0.020000
1,3,149,-1,3,-0.00000013,0.020000
1,3,151,-1,1,-0.00000028,0.020000
1,3,151,-1,2,-0.00000017,0.020000
1,3,151,-1,3,-0.00000017,0.020000
1,3,6000,-1,1,0.00000015,0.020000
1,3,6000,-1,2,-0.00000012,0.020000
1,3,6000,-1,3,-0.00000001,0.020000
1,3,250,-1,1,-0.00000042,0.020000
1,3,250,-1,2,-0.00000015,0.020000
1,3,250,-1,3,-0.00000014,0.020000
1,3,300,-1,1,-0.00000056,0.020000
1,3,300,-1,2,0.00000069,0.020000
1,3,300,-1,3,-0.00000048,0.020000
1,3,450,-1,1,0.00000015,0.020000
1,3,450,-1,2,-0.00000013,0.020000
1,3,450,-1,3,-0.00000002,0.020000
1,3,610,-1,1,-0.00000018,0.020000
1,3,610,-1,2,-0.00000013,0.020000
1,3,610,-1,3,-0.00000000,0.020000
1,4,150,-1,1,2.40345860,0.010000
1,4,150,-1,2,2.39902735,0.010000
1,4,150,-1,3,2.39976413,0.010000
1,4,1,-1,1,2.47675631,0.010000
1,4,1,-1,2,2.50128530,0.010000
1,4,1,-1,3,2.48239544,0.010000
1,4,2,-1,2,2.50067929,0.010000
1,4,3,-1,3,2.47760568,0.010000
1,4,4,-1,3,2.47560378,0.010000
1,4,5,-1,3,2.47463301,0.010000
1,4,6,-1,3,2.47301080,0.010000
1,4,7,-1,1,2.45280198,0.010000
1,4,7,-1,2,2.49962966,0.010000
1,4,7,-1,3,2.46848650,0.010000
1,4,8,-1,1,2.43743704,0.010000
1,4,8,-1,2,2.49826614,0.010000
1,4,8,-1,3,2.45927823,0.010000
1,4,9,-1,1,2.43356282,0.010000
1,4,9000,-1,1,2.41834877,0.010000
1,4,10,-1,1,2.41354765,0.010000
1,4,11,-1,1,2.41272519,0.010000
1,4,12,-1,2,2.49765042,0.010000
1,4,13,-1,1,2.41715442,0.010000
1,4,13,-1,2,2.49521371,0.010000
1,4,13,-1,3,2.44553145,0.010000
1,4,14,-1,1,2.41432092,0.010000
1,4,15,-1,3,2.44325480,0.010000
1,4,16,-1,3,2.44203837,0.010000
1,4,17,-1,3,2.44224459,0.010000
1,4,18,-1,1,2.39333263,0.010000
1,4,18,-1,2,2.48862097,0.010000
1,4,18,-1,3,2.42650928,0.010000
1,4,19,-1,1,2.38956052,0.010000
1,4,20,-1,1,2.38710997,0.010000
1,4,21,-1,1,2.39246352,0.010000
1,4,21,-1,2,2.48872233,0.010000
1,4,21,-1,3,2.42342087,0.010000
1,4,22,-1,2,2.48548351,0.010000
1,4,23,-1,1,2.39187208,0.010000
1,4,23,-1,2,2.48953957,0.010000
1,4,23,-1,3,2.42048956,0.010000
1,4,24,-1,3,2.41654406,0.010000
1,4,25,-1,1,2.39065347,0.010000
1,4,25,-1,2,2.49053999,0.010000
1,4,25,-1,3,2.41823898,0.010000
1,4,2500,-1,1,2.37570896,0.010000
1,4,2500,-1,3,2.41823614,0.010000
1,4,26,-1,1,2.37508847,0.010000
1,4,26,-1,3,2.41705076,0.010000
1,4,27,-1,1,2.37421380,0.010000
1,4,27,-1,3,2.41697931,0.010000
1,4,28,-1,1,2.39003267,0.010000
1,4,28,-1,2,2.49102615,0.010000
1,4,28,-1,3,2.41732300,0.010000
1,4,29,-1,1,2.38996813,0.010000
1,4,29,-1,2,2.49136270,0.010000
1,4,29,-1,3,2.41604574,0.010000
1,4,30,-1,1,2.39064054,0.010000
1,4,30,-1,2,2.49127978,0.010000
1,4,30,-1,3,2.41480943,0.010000
1,4,31,-1,3,2.41562716,0.010000
1,4,32,-1,3,2.41486245,0.010000
1,4,33,-1,1,2.37101882,0.010000
1,4,34,-1,3,2.44386783,0.010000
1,4,35,-1,1,2.38562010,0.010000
1,4,35,-1,2,2.48386420,0.010000
1,4,35,-1,3,2.42363197,0.010000
1,4,36,-1,1,2.38201647,0.010000
1,4,36,-1,2,2.48243919,0.010000
1,4,37,-1,1,2.37899866,0.010000
1,4,38,-1,2,2.48015527,0.010000
1,4,39,-1,2,2.47828681,0.010000
1,4,40,-1,1,2.38229021,0.010000
1,4,40,-1,2,2.48148683,0.010000
1,4,40,-1,3,2.42085911,0.010000
1,4,41,-1,3,2.41996864,0.010000
1,4,42,-1,1,2.37880804,0.010000
1,4,42,-1,2,2.47915311,0.010000
1,4,42,-1,3,2.41842460,0.010000
1,4,43,-1,2,2.47617573,0.010000
1,4,44,-1,1,2.37641224,0.010000
1,4,44,-1,2,2.47771296,0.010000
1,4,44,-1,3,2.41625872,0.010000
1,4,45,-1,1,2.37511175,0.010000
1,4,46,-1,1,2.37415542,0.010000
1,4,47,-1,1,2.37423739,0.010000
1,4,47,-1,2,2.47545986,0.010000
1,4,47,-1,3,2.41360971,0.010000
1,4,48,-1,1,2.37388092,0.010000
1,4,48,-1,2,2.47505401,0.010000
1,4,48,-1,3,2.41313377,0.010000
1,4,49,-1,1,2.37365151,0.010000
1,4,49,-1,2,2.47436068,0.010000
1,4,49,-1,3,2.41275891,0.010000
1,4,50,-1,1,2.37357925,0.010000
1,4,50,-1,2,2.47441352,0.010000
1,4,50,-1,3,2.41200125,0.010000
1,4,51,-1,1,2.37317865,0.010000
1,4,51,-1,2,2.47458632,0.010000
1,4,51,-1,3,2.41198723,0.010000
1,4,52,-1,1,2.40279042,0.010000
1,4,52,-1,2,2.49341227,0.010000
1,4,52,-1,3,2.43717216,0.010000
1,4,53,-1,1,2.39646279,0.010000
1,4,53,-1,2,2.49207024,0.010000
1,4,53,-1,3,2.43307164,0.010000
1,4,54,-1,1,2.39290370,0.010000
1,4,54,-1,2,2.49103251,0.010000
1,4,54,-1,3,2.43053528,0.010000
1,4,55,-1,1,2.39244881,0.010000
1,4,55,-1,2,2.49096220,0.010000
1,4,55,-1,3,2.43061262,0.010000
1,4,56,-1,1,2.39244196,0.010000
1,4,56,-1,2,2.49062809,0.010000
1,4,56,-1,3,2.43073519,0.010000
1,4,57,-1,1,2.38567437,0.010000
1,4,57,-1,2,2.48521830,0.010000
1,4,57,-1,3,2.42389086,0.010000
1,4,58,-1,2,2.48367979,0.010000
1,4,59,-1,2,2.48297888,0.010000
1,4,60,-1,1,2.37074616,0.010000
1,4,60,-1,2,2.47504272,0.010000
1,4,60,-1,3,2.40837311,0.010000
1,4,61,-1,1,2.37074617,0.010000
1,4,61,-1,2,2.47504272,0.010000
1,4,61,-1,3,2.40837311,0.010000
1,4,62,-1,1,2.36991904,0.010000
1,4,62,-1,2,2.47236891,0.010000
1,4,62,-1,3,2.40283293,0.010000
1,4,63,-1,1,2.36915220,0.010000
1,4,63,-1,2,2.47034614,0.010000
1,4,63,-1,3,2.40003095,0.010000
1,4,64,-1,1,2.36935905,0.010000
1,4,64,-1,2,2.46598656,0.010000
1,4,64,-1,3,2.39412700,0.010000
1,4,65,-1,1,2.36881232,0.010000
1,4,65,-1,2,2.46589564,0.010000
1,4,65,-1,3,2.38598867,0.010000
1,4,66,-1,1,2.36927530,0.010000
1,4,66,-1,2,2.46645726,0.010000
1,4,66,-1,3,2.38277973,0.010000
1,4,67,-1,1,2.48390046,0.010000
1,4,67,-1,2,2.48929591,0.010000
1,4,67,-1,3,2.47873417,0.010000
1,4,68,-1,1,2.48006481,0.010000
1,4,69,-1,1,2.47548000,0.010000
1,4,70,-1,1,2.47242039,0.010000
1,4,71,-1,1,2.47061059,0.010000
1,4,72,-1,1,2.48465384,0.010000
1,4,72,-1,2,2.48765215,0.010000
1,4,72,-1,3,2.47845609,0.010000
1,4,73,-1,3,2.47270412,0.010000
1,4,74,-1,3,2.46734694,0.010000
1,4,75,-1,3,2.46319608,0.010000
1,4,76,-1,1,2.48415665,0.010000
1,4,76,-1,2,2.48686840,0.010000
1,4,76,-1,3,2.48027940,0.010000
1,4,77,-1,1,2.48715140,0.010000
1,4,77,-1,2,2.48980079,0.010000
1,4,77,-1,3,2.48259756,0.010000
1,4,78,-1,1,2.48795945,0.010000
1,4,78,-1,2,2.49080930,0.010000
1,4,78,-1,3,2.48301379,0.010000
1,4,79,-1,1,2.48738304,0.010000
1,4,79,-1,2,2.49102862,0.010000
1,4,79,-1,3,2.48297131,0.010000
1,4,80,-1,1,2.49301629,0.010000
1,4,80,-1,2,2.49513851,0.010000
1,4,80,-1,3,2.48508577,0.010000
1,4,81,-1,1,2.49829036,0.010000
1,4,81,-1,2,2.50052471,0.010000
1,4,81,-1,3,2.48654890,0.010000
1,4,82,-1,1,2.50038201,0.010000
1,4,82,-1,2,2.50351598,0.010000
1,4,82,-1,3,2.48845921,0.010000
1,4,83,-1,1,2.50319401,0.010000
1,4,83,-1,2,2.50622975,0.010000
1,4,83,-1,3,2.49043000,0.010000
1,4,84,-1,3,2.48022426,0.010000
1,4,85,-1,3,2.47758222,0.010000
1,4,86,-1,1,2.48251016,0.010000
1,4,86,-1,2,2.48101960,0.010000
1,4,86,-1,3,2.48410946,0.010000
1,4,87,-1,1,2.48152911,0.010000
1,4,87,-1,2,2.47802631,0.010000
1,4,87,-1,3,2.48568539,0.010000
1,4,88,-1,1,2.48141070,0.010000
1,4,89,-1,1,2.48063316,0.010000
1,4,89,-1,2,2.47721162,0.010000
1,4,89,-1,3,2.48664772,0.010000
1,4,90,-1,2,2.47707306,0.010000
1,4,91,-1,1,2.48026052,0.010000
1,4,91,-1,2,2.47625548,0.010000
1,4,91,-1,3,2.48717332,0.010000
1,4,92,-1,3,2.48700303,0.010000
1,4,93,-1,1,2.47961450,0.010000
1,4,93,-1,2,2.47569893,0.010000
1,4,93,-1,3,2.48741074,0.010000
1,4,94,-1,1,2.47806190,0.010000
1,4,95,-1,1,2.47952373,0.010000
1,4,95,-1,2,2.47454482,0.010000
1,4,95,-1,3,2.48794052,0.010000
1,4,96,-1,2,2.47410677,0.010000
1,4,97,-1,1,2.48124288,0.010000
1,4,97,-1,2,2.48834408,0.010000
1,4,97,-1,3,2.47685510,0.010000
1,4,98,-1,1,2.48043823,0.010000
1,4,98,-1,2,2.48802218,0.010000
1,4,98,-1,3,2.47619933,0.010000
1,4,99,-1,1,2.48103866,0.010000
1,4,99,-1,2,2.48639681,0.010000
1,4,99,-1,3,2.47512326,0.010000
1,4,100,-1,1,2.48144531,0.010000
1,4,100,-1,2,2.48637463,0.010000
1,4,100,-1,3,2.47405758,0.010000
1,4,101,-1,1,2.47931887,0.010000
1,4,101,-1,2,2.48768515,0.010000
1,4,101,-1,3,2.47557228,0.010000
1,4,102,-1,3,2.47212863,0.010000
1,4,103,-1,3,2.46781154,0.010000
1,4,104,-1,3,2.46424911,0.010000
1,4,105,-1,1,2.47617961,0.010000
1,4,105,-1,2,2.48730459,0.010000
1,4,105,-1,3,2.47624409,0.010000
1,4,106,-1,2,2.48455612,0.010000
1,4,107,-1,2,2.48093782,0.010000
1,4,108,-1,1,2.47268706,0.010000
1,4,108,-1,2,2.48882828,0.010000
1,4,108,-1,3,2.47590698,0.010000
1,4,109,-1,1,2.46296270,0.010000
1,4,110,-1,1,2.45769843,0.010000
1,4,111,-1,1,2.45498495,0.010000
1,4,112,-1,1,2.45609525,0.010000
1,4,113,-1,1,2.45098425,0.010000
1,4,114,-1,1,2.44945041,0.010000
1,4,149,-1,1,2.50852434,0.010000
1,4,149,-1,2,2.50394624,0.010000
1,4,149,-1,3,2.50469650,0.010000
1,4,151,-1,1,2.37317865,0.010000
1,4,151,-1,2,2.47458632,0.010000
1,4,151,-1,3,2.41198724,0.010000
1,4,6000,-1,1,2.48927692,0.010000
1,4,6000,-1,2,2.49051824,0.010000
1,4,6000,-1,3,2.48363815,0.010000
1,4,250,-1,1,2.39064054,0.010000
1,4,250,-1,2,2.49127978,0.010000
1,4,250,-1,3,2.41480943,0.010000
1,4,300,-1,1,2.47268707,0.010000
1,4,300,-1,2,2.48882828,0.010000
1,4,300,-1,3,2.47590698,0.010000
1,4,450,-1,1,2.48144532,0.010000
1,4,450,-1,2,2.48637463,0.010000
1,4,450,-1,3,2.47405758,0.010000
1,4,610,-1,1,0.27615690,0.010000
1,4,610,-1,2,0.28020562,0.010000
1,4,610,-1,3,0.28061215,0.010000
1,5,150,-1,1,0.00000000,0.001000
1,5,150,-1,2,-120.00000000,0.001000
1,5,150,-1,3,120.00000000,0.001000
1,5,1,-1,1,-0.67775835,0.001000
1,5,1,-1,2,-120.31419643,0.001000
1,5,1,-1,3,119.65316569,0.001000
1,5,2,-1,2,-120.31811595,0.001000
1,5,3,-1,3,119.61790536,0.001000
1,5,4,-1,3,119.60466435,0.001000
1,5,5,-1,3,119.59344830,0.001000
1,5,6,-1,3,119.57950724,0.001000
1,5,7,-1,1,-1.17039386,0.001000
1,5,7,-1,2,-120.56971441,0.001000
1,5,7,-1,3,119.43857513,0.001000
1,5,8,-1,1,-1.49406090,0.001000
1,5,8,-1,2,-120.73854993,0.001000
1,5,8,-1,3,119.28881583,0.001000
1,5,9,-1,1,-1.52467066,0.001000
1,5,9000,-1,1,-1.52487638,0.001000
1,5,10,-1,1,-1.56684585,0.001000
1,5,11,-1,1,-1.56865186,0.001000
1,5,12,-1,2,-120.74248332,0.001000
1,5,13,-1,1,-1.94063413,0.001000
1,5,13,-1,2,-120.97633650,0.001000
1,5,13,-1,3,119.03625310,0.001000
1,5,14,-1,1,-1.55798875,0.001000
1,5,15,-1,3,119.01660217,0.001000
1,5,16,-1,3,119.00546722,0.001000
1,5,17,-1,3,119.01192403,0.001000
1,5,18,-1,1,-2.40702086,0.001000
1,5,18,-1,2,-121.21738474,0.001000
1,5,18,-1,3,118.99815410,0.001000
1,5,19,-1,1,-2.43395341,0.001000
1,5,20,-1,1,-2.45146064,0.001000
1,5,21,-1,1,-2.45891396,0.001000
1,5,21,-1,2,-121.21366739,0.001000
1,5,21,-1,3,118.96947932,0.001000
1,5,22,-1,2,-121.24631213,0.001000
1,5,23,-1,1,-2.51129147,0.001000
1,5,23,-1,2,-121.19382937,0.001000
1,5,23,-1,3,118.94759092,0.001000
1,5,24,-1,3,118.91402576,0.001000
1,5,25,-1,1,-2.56617754,0.001000
1,5,25,-1,2,-121.18232045,0.001000
1,5,25,-1,3,118.94376027,0.001000
1,5,2500,-1,1,-2.56631806,0.001000
1,5,2500,-1,3,118.94362251,0.001000
1,5,26,-1,1,-2.59264390,0.001000
1,5,26,-1,3,118.93354323,0.001000
1,5,27,-1,1,-2.61060889,0.001000
1,5,27,-1,3,118.94302793,0.001000
1,5,28,-1,1,-2.59192378,0.001000
1,5,28,-1,2,-121.17821773,0.001000
1,5,28,-1,3,118.94530711,0.001000
1,5,29,-1,1,-2.61537717,0.001000
1,5,29,-1,2,-121.16846983,0.001000
1,5,29,-1,3,118.93620746,0.001000
1,5,30,-1,1,-2.61981850,0.001000
1,5,30,-1,2,-121.15596316,0.001000
1,5,30,-1,3,118.91384784,0.001000
1,5,31,-1,3,118.92170688,0.001000
1,5,32,-1,3,118.91645273,0.001000
1,5,33,-1,1,-2.63690556,0.001000
1,5,34,-1,3,119.02090502,0.001000
1,5,35,-1,1,-2.50840578,0.001000
1,5,35,-1,2,-121.30050571,0.001000
1,5,35,-1,3,118.95073168,0.001000
1,5,36,-1,1,-2.54466102,0.001000
1,5,36,-1,2,-121.37329178,0.001000
1,5,37,-1,1,-2.57107291,0.001000
1,5,38,-1,2,-121.39442734,0.001000
1,5,39,-1,2,-121.40953926,0.001000
1,5,40,-1,1,-2.54712869,0.001000
1,5,40,-1,2,-121.33396648,0.001000
1,5,40,-1,3,118.90464925,0.001000
1,5,41,-1,3,118.89704968,0.001000
1,5,42,-1,1,-2.58491314,0.001000
1,5,42,-1,2,-121.37138735,0.001000
1,5,42,-1,3,118.86540874,0.001000
1,5,43,-1,2,-121.38278188,0.001000
1,5,44,-1,1,-2.61537109,0.001000
1,5,44,-1,2,-121.39188959,0.001000
1,5,44,-1,3,118.83316803,0.001000
1,5,45,-1,1,-2.62518466,0.001000
1,5,46,-1,1,-2.63401439,0.001000
1,5,47,-1,1,-2.63751913,0.001000
1,5,47,-1,2,-121.41444421,0.001000
1,5,47,-1,3,118.78403832,0.001000
1,5,48,-1,1,-2.64378414,0.001000
1,5,48,-1,2,-121.41724898,0.001000
1,5,48,-1,3,118.77497325,0.001000
1,5,49,-1,1,-2.64216712,0.001000
1,5,49,-1,2,-121.41527514,0.001000
1,5,49,-1,3,118.76125950,0.001000
1,5,50,-1,1,-2.65124146,0.001000
1,5,50,-1,2,-121.40734275,0.001000
1,5,50,-1,3,118.75050048,0.001000
1,5,51,-1,1,-2.65785440,0.001000
1,5,51,-1,2,-121.40911669,0.001000
1,5,51,-1,3,118.75460234,0.001000
1,5,52,-1,1,-2.31740513,0.001000
1,5,52,-1,2,-121.21706683,0.001000
1,5,52,-1,3,118.80356761,0.001000
1,5,53,-1,1,-2.49127446,0.001000
1,5,53,-1,2,-121.33460465,0.001000
1,5,53,-1,3,118.67792305,0.001000
1,5,54,-1,1,-2.59350696,0.001000
1,5,54,-1,2,-121.40654851,0.001000
1,5,54,-1,3,118.59520188,0.001000
1,5,55,-1,1,-2.59919654,0.001000
1,5,55,-1,2,-121.41147441,0.001000
1,5,55,-1,3,118.59831985,0.001000
1,5,56,-1,1,-2.59517558,0.001000
1,5,56,-1,2,-121.41496515,0.001000
1,5,56,-1,3,118.59651145,0.001000
1,5,57,-1,1,-2.88727024,0.001000
1,5,57,-1,2,-121.60959280,0.001000
1,5,57,-1,3,118.39146627,0.001000
1,5,58,-1,2,-121.62517399,0.001000
1,5,59,-1,2,-121.63271311,0.001000
1,5,60,-1,1,-3.54804708,0.001000
1,5,60,-1,2,-121.99617152,0.001000
1,5,60,-1,3,117.95605675,0.001000
1,5,61,-1,1,-3.54804710,0.001000
1,5,61,-1,2,-121.99617154,0.001000
1,5,61,-1,3,117.95605673,0.001000
1,5,62,-1,1,-3.55713402,0.001000
1,5,62,-1,2,-121.96310683,0.001000
1,5,62,-1,3,117.95230597,0.001000
1,5,63,-1,1,-3.55658782,0.001000
1,5,63,-1,2,-121.94787031,0.001000
1,5,63,-1,3,117.95167888,0.001000
1,5,64,-1,1,-3.55460325,0.001000
1,5,64,-1,2,-121.90532625,0.001000
1,5,64,-1,3,117.93934363,0.001000
1,5,65,-1,1,-3.59152342,0.001000
1,5,65,-1,2,-121.85537090,0.001000
1,5,65,-1,3,117.96102462,0.001000
1,5,66,-1,1,-3.61342965,0.001000
1,5,66,-1,2,-121.83299311,0.001000
1,5,66,-1,3,117.96349403,0.001000
1,5,67,-1,1,-3.79272952,0.001000
1,5,67,-1,2,-122.18134054,0.001000
1,5,67,-1,3,117.83114510,0.001000
1,5,68,-1,1,-3.81889826,0.001000
1,5,69,-1,1,-3.85565009,0.001000
1,5,70,-1,1,-3.87492589,0.001000
1,5,71,-1,1,-3.88399248,0.001000
1,5,72,-1,1,-3.87880852,0.001000
1,5,72,-1,2,-122.28679341,0.001000
1,5,72,-1,3,117.71323758,0.001000
1,5,73,-1,3,117.66055040,0.001000
1,5,74,-1,3,117.61986250,0.001000
1,5,75,-1,3,117.59795625,0.001000
1,5,76,-1,1,-3.93596059,0.001000
1,5,76,-1,2,-122.39078201,0.001000
1,5,76,-1,3,117.66984057,0.001000
1,5,77,-1,1,-3.98629112,0.001000
1,5,77,-1,2,-122.47644795,0.001000
1,5,77,-1,3,117.58877385,0.001000
1,5,78,-1,1,-4.00207119,0.001000
1,5,78,-1,2,-122.49037639,0.001000
1,5,78,-1,3,117.56901966,0.001000
1,5,79,-1,1,-4.01092696,0.001000
1,5,79,-1,2,-122.49289714,0.001000
1,5,79,-1,3,117.57612535,0.001000
1,5,80,-1,1,-4.05819685,0.001000
1,5,80,-1,2,-122.55108204,0.001000
1,5,80,-1,3,117.46029308,0.001000
1,5,81,-1,1,-4.12625277,0.001000
1,5,81,-1,2,-122.58392456,0.001000
1,5,81,-1,3,117.35377967,0.001000
1,5,82,-1,1,-4.15913884,0.001000
1,5,82,-1,2,-122.61439759,0.001000
1,5,82,-1,3,117.32104513,0.001000
1,5,83,-1,1,-4.18064734,0.001000
1,5,83,-1,2,-122.64172623,0.001000
1,5,83,-1,3,117.27945400,0.001000
1,5,84,-1,3,117.29774002,0.001000
1,5,85,-1,3,117.28113172,0.001000
1,5,86,-1,1,-3.95838389,0.001000
1,5,86,-1,2,-122.55736514,0.001000
1,5,86,-1,3,117.62508411,0.001000
1,5,87,-1,1,-3.97645155,0.001000
1,5,87,-1,2,-122.65390687,0.001000
1,5,87,-1,3,117.59784775,0.001000
1,5,88,-1,1,-4.00699032,0.001000
1,5,89,-1,1,-3.97199949,0.001000
1,5,89,-1,2,-122.69995327,0.001000
1,5,89,-1,3,117.58472292,0.001000
1,5,90,-1,2,-122.73856177,0.001000
1,5,91,-1,1,-3.96991713,0.001000
1,5,91,-1,2,-122.71485586,0.001000
1,5,91,-1,3,117.56702413,0.001000
1,5,92,-1,3,117.51503222,0.001000
1,5,93,-1,1,-3.97670103,0.001000
1,5,93,-1,2,-122.73138185,0.001000
1,5,93,-1,3,117.57208308,0.001000
1,5,94,-1,1,-3.99566742,0.001000
1,5,95,-1,1,-3.96493540,0.001000
1,5,95,-1,2,-122.75165670,0.001000
1,5,95,-1,3,117.56760700,0.001000
1,5,96,-1,2,-122.75445450,0.001000
1,5,97,-1,1,-3.85122138,0.001000
1,5,97,-1,2,-122.20290314,0.001000
1,5,97,-1,3,117.82044376,0.001000
1,5,98,-1,1,-3.86982578,0.001000
1,5,98,-1,2,-122.21007850,0.001000
1,5,98,-1,3,117.81962600,0.001000
1,5,99,-1,1,-3.86318010,0.001000
1,5,99,-1,2,-122.21652106,0.001000
1,5,99,-1,3,117.79229165,0.001000
1,5,100,-1,1,-3.86842333,0.001000
1,5,100,-1,2,-122.20405925,0.001000
1,5,100,-1,3,117.78045409,0.001000
1,5,101,-1,1,-3.89290056,0.001000
1,5,101,-1,2,-122.21795573,0.001000
1,5,101,-1,3,117.81047238,0.001000
1,5,102,-1,3,117.78331073,0.001000
1,5,103,-1,3,117.74643846,0.001000
1,5,104,-1,3,117.72330234,0.001000
1,5,105,-1,1,-3.93233591,0.001000
1,5,105,-1,2,-122.26182784,0.001000
1,5,105,-1,3,117.83908977,0.001000
1,5,106,-1,2,-122.28364674,0.001000
1,5,107,-1,2,-122.30933212,0.001000
1,5,108,-1,1,-3.99977574,0.001000
1,5,108,-1,2,-122.27472920,0.001000
1,5,108,-1,3,117.87932613,0.001000
1,5,109,-1,1,-4.07626522,0.001000
1,5,110,-1,1,-4.11819842,0.001000
1,5,111,-1,1,-4.14014960,0.001000
1,5,112,-1,1,-4.13094955,0.001000
1,5,113,-1,1,-4.17204724,0.001000
1,5,114,-1,1,-4.18445577,0.001000
1,5,149,-1,1,-0.00469195,0.001000
1,5,149,-1,2,-120.00292414,0.001000
1,5,149,-1,3,119.99623005,0.001000
1,5,151,-1,1,-2.65785441,0.001000
1,5,151,-1,2,-121.40911671,0.001000
1,5,151,-1,3,118.75460232,0.001000
1,5,6000,-1,1,-3.54984995,0.001000
1,5,6000,-1,2,-121.99748985,0.001000
1,5,6000,-1,3,117.95458780,0.001000
1,5,250,-1,1,-2.61981850,0.001000
1,5,250,-1,2,-121.15596316,0.001000
1,5,250,-1,3,118.91384784,0.001000
1,5,300,-1,1,-3.99977581,0.001000
1,5,300,-1,2,-122.27472926,0.001000
1,5,300,-1,3,117.87932606,0.001000
1,5,450,-1,1,-3.86842337,0.001000
1,5,450,-1,2,-122.20405929,0.001000
1,5,450,-1,3,117.78045404,0.001000
1,5,610,-1,1,-2.56813453,0.001000
1,5,610,-1,2,-121.99434781,0.001000
1,5,610,-1,3,117.00489969,0.001000
