-0.0037562981
-0.0004935629
-0.0068424988
-0.0000261826
-0.0000060454
0.0000202294
0.0065373467
-0.0006475913
-0.0002742167
0.0000000001
0.0000000001
0.0000000001
0.0011688507
-0.0004016620
0.0000339445
0.0016237879
-0.0041105892
0.0003717307
-0.0004458876
0.0000128214
-0.0000331089
0.0145266836
-0.0007012744
0.0076063166
-0.0101805367
0.0006994771
0.0000532730
-0.0000087701
-0.0000058642
0.0000322748
0.0001169269
0.0000295605
0.0000030438
0.0000000002
0.0000000001
0.0000000001
0.0004901436
-0.0000370003
-0.0000336267
0.0000857803
-0.0000319013
0.0000579608
-0.0003435724
0.0001280622
-0.0001104609
-0.0013783684
-0.0006430342
0.0008290287
0.0199796485
-0.0007628554
0.0023185311
0.0000051819
0.0000028328
0.0000269081
0.0000203849
0.0054698941
0.0025743761
0.0013872458
0.0000001461
-0.0000058574
0.0000053221
0.0000005813
-0.0000000000
0.0000000001
0.0000000001
-0.0000000000
0.0000000001
0.0000000002
-0.0000000000
0.0000000001
0.0000000003
0.0000000002
-0.0000000000
0.0000000001
0.0000000003
0.0000000001
0.0000000002
-0.0000000000
0.0000000001
0.0000000002
-0.0000000000
0.0000000001
0.0000000002
-0.0000000000
0.0000000001
0.0000000002
-0.0000000000
0.0000000001
0.0000000003
-0.0000000000
0.0000000003
-0.0000000000
0.0000000003
-0.0000000000
-0.0000000000
0.0000000001
-0.0000000000
0.0000000001
0.0000000002
-0.0000000000
0.0000000001
0.0000000001
0.0000000001
0.0000000001
0.0000000001
0.0000000001
0.0000000001
0.0000000001
0.0000000001
0.0000000001
0.0000000001
0.0000000001
0.0000000001
0.0000000001
0.0000000001
0.0000000001
0.0000000001
0.0000000001
0.0000000001
0.0000000001
0.0000000002
0.0000000001
0.0000000001
0.0000000001
0.0000000001
0.0000000002
0.0000000001
0.0000000002
0.0000000001
0.0000000001
0.0000000001
0.0000000001
0.0000000002
0.0000000001
0.0000000001
0.0000000002
0.0000000001
0.0000000001
0.0000000001
0.0000000002
0.0000000001
0.0000000002
0.0000000001
0.0000000000
0.0000000002
0.0000000001
0.0000000000
0.0000000002
0.0000000001
0.0000000000
0.0000000001
0.0000000000
0.0000000002
0.0000000001
0.0000000002
0.0000000001
0.0000000000
0.0000000001
0.0000000000
0.0000000002
0.0000000001
0.0000000002
0.0000000001
0.0000000000
0.0000000002
0.0000000000
0.0000000001
0.0000000000
0.0000000001
0.0000000000
0.0000000002
0.0000000001
0.0000000000
0.0000000002
0.0000000001
0.0000000000
0.0000000002
0.0000000001
0.0000000000
0.0000000001
0.0000000000
0.0000000002
0.0000000001
0.0000000002
0.0000000001
0.0000000000
0.0000000001
0.0000000000
0.0000000002
0.0000000003
0.0000000002
0.0000000002
0.0000000003
0.0000000002
0.0000000002
0.0000000003
0.0000000002
0.0000000002
0.0000000003
0.0000000002
-0.0000000000
0.0000000001
0.0000000001
0.0000000001
0.0000000001
0.0000000000
0.0000000002
0.0000000001
0.0000000002
-0.0000000000
0.0000000001
0.0000000003
0.0000000002
0.0000000002
0.0000000000
0.0000000002
0.0000000001
0.0000000001
0.0000000001
-0.0000000000
0.0000000002
0.0000000001
0.0000000001
0.0000000002
0.0000000001
0.0000000004
0.0000000002
0.0000000001
0.0000000005
0.0000000004
0.0000000002
0.0000000001
0.0000000005
0.0000000001
0.0000000004
0.0000000002
0.0000000001
0.0000000004
0.0000000002
0.0000000001
0.0000000004
0.0000000002
0.0000000001
0.0000000004
0.0000000002
0.0000000001
0.0000000006
-0.0000000007
0.0000000006
-0.0000000007
0.0000000006
-0.0000000007
0.0000000002
0.0000000001
0.0000000002
0.0000000001
0.0000000004
0.0000000002
0.0000000002
0.0000000002
0.0000000003
0.0000000002
0.0000000003
0.0000000002
0.0000000002
0.0000000002
0.0000000002
0.0000000003
0.0000000002
0.0000000002
0.0000000003
0.0000000002
0.0000000002
0.0000000002
0.0000000003
0.0000000001
0.0000000003
0.0000000001
0.0000000004
0.0000000003
0.0000000001
0.0000000003
0.0000000001
0.0000000004
0.0000000001
0.0000000004
0.0000000003
0.0000000001
0.0000000003
0.0000000001
0.0000000004
0.0000000003
0.0000000001
0.0000000004
0.0000000003
0.0000000003
0.0000000001
0.0000000004
0.0000000001
0.0000000004
0.0000000003
-0.0000000002
0.0000000001
0.0000000000
-0.0000000002
0.0000000001
0.0000000000
-0.0000000002
0.0000000000
-0.0000000002
0.0000000001
0.0000000000
0.0000000001
0.0000000000
-0.0000000002
0.0000000000
-0.0000000002
0.0000000001
0.0000000000
0.0000000001
0.0000000000
-0.0000000002
0.0000000001
-0.0000000002
0.0000000000
-0.0000000002
0.0000000000
-0.0000000002
0.0000000001
0.0000000000
-0.0000000002
0.0000000001
0.0000000000
-0.0000000002
0.0000000001
0.0000000000
-0.0000000002
0.0000000000
-0.0000000002
0.0000000001
0.0000000000
0.0000000001
0.0000000000
-0.0000000002
0.0000000000
-0.0000000002
0.0000000001
0.0000000006
-0.0000000007
0.0000000005
0.0000000006
-0.0000000007
0.0000000005
0.0000000006
-0.0000000007
0.0000000005
0.0000000006
0.0000000004
0.0000000002
0.0000000001
0.0000000003
0.0000000002
0.0000000002
-0.0000000001
0.0000000001
0.0000000000
0.0000000004
0.0000000002
0.0000000001
0.0000000006
-0.0000000007
0.0000000005
-0.0000000002
0.0000000001
0.0000000000
0.0000000002
0.0000000001
0.0000000000
0.0129990525
-0.0000979597
0.0173833750
0.0008729355
0.0068394020
0.0073306094
0.0306198718
0.0044147475
0.0412197278
-0.0000433687
0.0014561671
0.0008246348
0.0339669438
0.0340906545
-0.0001229313
0.0079634763
0.0108181241
0.0139060321
0.0062871948
-0.0000581667
-0.0000242353
0.0400600331
0.0044600380
0.0021607794
0.0158297043
0.0008815729
0.0021831274
0.0008705120
0.0015205104
0.0017155097
0.0010291105
0.0011854242
0.0122672869
0.0067085899
0.0124116457
0.0066701233
0.0035026359
0.0127149617
0.0017192652
0.0035793140
0.0028490785
0.0045263991
0.0008687265
0.0290416622
0.0095009004
0.0027410871
0.0003784169
0.0017195894
0.0012649075
0.0030437328
0.0059759823
0.0090473978
0.0652706817
0.0054461624
0.0037902113
0.0182852522
0.0169258739
0.0000633237
0.0012400310
0.0001706437
0.0006978595
0.0073084034
0.0050315917
0.0183914596
0.0046939527
0.0220548032
0.0133420007
0.0136126493
0.0003422929
0.0073722319
0.0004071085
0.0029272609
0.0043957293
0.0009400896
0.0247306179
0.0006999632
0.0062129367
0.0008042059
0.0013796658
0.0072172130
0.0041758796
0.0005129710
0.0233704614
0.0048749517
0.0073356291
0.0072957463
0.0058887088
0.0093219275
0.0030566284
0.0111669546
0.0094094246
0.0031244879
0.0006145652
0.0046743093
0.0002472276
0.0013594523
0.0035517835
0.0143488119
0.0008262156
0.0179111259
0.0003657761
0.0003010607
0.0004131894
0.0147447916
0.0147618061
0.0011542009
0.0017974799
0.0060420365
0.0009578739
0.0021240749
-0.0014263551
-0.0009260395
0.0200362165
0.0004658511
0.0017209744
0.0095352011
0.0002953754
0.0014771649
0.0002744961
0.0006963754
0.0027435063
0.0009828741
0.0005917583
0.0149608372
0.0092356514
0.0089929682
0.0082069254
0.0036753393
0.0065109002
0.0076809207
0.0129732114
0.0019370193
0.0015397225
0.0008674958
0.0135438354
0.0062733779
0.0010259021
0.0006977203
0.0006356847
0.0003627617
0.0009236334
0.0004872396
0.0029106060
0.0288652605
0.0088156493
0.0035828010
0.0053110670
0.0021394995
-0.0004993269
-0.0011705501
-0.0002195028
-0.0018314014
0.0000515324
0.0000490480
0.0006190959
-0.0126776697
0.0065300616
0.0006082433
0.0006160075
-0.0010598674
0.0004262935
-0.0013101248
0.0000248274
0.0001371135
0.0003532111
0.0046897495
-0.0005390425
0.0011763931
0.0001893505
-0.0019228808
0.0012530815
0.0003324059
0.0008782397
0.0166423030
0.0060321204
-0.0033164516
-0.0044400401
0.0034206547
0.0048689114
0.0017014143
0.0059401439
0.0048798230
-0.0008029452
0.0009410534
0.0016479415
0.0003180900
-0.0006566322
-0.0001040104
-0.0001568219
-0.0024093260
-0.0019317164
